#####################################################################
# Alchemist log file - simulation started at: 2025-02-15T18:22+0000 #
#####################################################################
#
# seed = 1, nodes = 10, isBaseline = false, deploymentStrategy = optimal, pueApplication = 1.2, pueInfrastructural = 1.3, availableHwApplication = 8, availableHwInfrastructural = 20
#
# The columns have the following meaning: 
# time Carbon[mean] Energy[mean] InterLatency[min] InterLatency[max] InterLatency[mean] InterLatency[variance] IntraLatency[min] IntraLatency[max] IntraLatency[mean] IntraLatency[variance] ExecutionTime[mean] 
0.0 NaN NaN NaN NaN NaN NaN NaN NaN NaN NaN NaN
0.00393578939705234 NaN NaN NaN NaN NaN NaN NaN NaN NaN NaN NaN
1.0039357893970522 1.3038250845683705 1.4799999999999998 21.50449922223353 140.1029869403947 88.96717477328909 1665.4845205835693 0.0 116.51102785074553 48.16684734501824 2638.4713888041715 1.0993045238E10
2.003935789397055 1.3038250845683705 1.4799999999999998 80.24202550435263 139.33136663281348 100.35986177510689 656.5778672711339 0.0 118.75462950554636 70.63782277822477 2454.229656594156 1.0993045238E10
3.0039357893970515 1.1574885916290987 1.4799999999999998 79.89313619163447 139.40039248880046 99.9946877420685 644.2654970953131 0.0 120.57031714353586 70.54952586195435 2545.960397296718 1.0993045238E10
4.003935789397048 1.1574885916290987 1.4799999999999998 79.69420329006302 140.10822361688605 99.8124973834733 653.6490529995743 0.0 121.03231540053226 70.33001242893395 2546.1846357642853 1.0993045238E10
5.003935789397045 1.2566219946941655 1.4799999999999998 80.31487077979146 140.04573621061866 100.59709978327784 661.2995576854979 0.0 121.55158993299801 71.02173454833117 2517.8035383042975 1.0993045238E10
6.003935789397041 1.2566219946941655 1.4799999999999998 80.34432482515336 139.7092669005005 100.60906003265058 663.6026454134512 0.0 122.89946387340451 71.31312195873679 2481.042417606901 1.0993045238E10
7.003935789397038 1.2810959447721555 1.4799999999999998 80.58513481281213 141.27693146006297 101.05029257535327 685.9851946202065 0.0 121.23195457283771 71.7067233620368 2362.381274656158 1.0993045238E10
8.003935789397035 1.2810959447721555 1.4799999999999998 80.85627642539654 142.43112649766465 101.46862012519395 689.8084795093092 0.0 122.80236968832942 71.7212906531596 2390.2891274277818 1.0993045238E10
9.003935789397032 1.1691011525553754 1.4799999999999998 81.1846303517064 143.4289686305137 101.61491671394552 685.816784457927 0.0 126.2154381192078 72.02630100403496 2452.444089895938 1.0993045238E10
10.003935789397028 1.1691011525553754 1.4799999999999998 81.23967400981671 143.5369694555785 101.7822392786367 678.7451371857842 0.0 125.21748528463657 71.85095200986329 2462.1891705807866 1.0993045238E10
11.003935789397024 1.2505917336367784 1.4799999999999998 81.191409287478 143.15066907948935 101.39313197663658 666.8534616255383 0.0 126.29151883627635 71.71283028287695 2520.1320547318483 1.0993045238E10
12.00393578939702 1.2505917336367784 1.4799999999999998 80.73004334714216 143.33483046352598 100.85541040139701 660.1475552448919 0.0 125.11903498783644 71.18072909489523 2499.7516125264497 1.0993045238E10
13.003935789397017 1.2659490744772317 1.4799999999999998 80.7395024526615 144.66377223030122 100.82033606780327 664.7740527194672 0.0 125.20545354545774 71.50867299734352 2531.6874693114055 1.0993045238E10
14.003935789397014 1.2659490744772317 1.4799999999999998 80.91837576875933 144.1051964229315 101.15123134196409 675.3801637108257 0.0 124.03282891421115 71.27655310801694 2496.211783376847 1.0993045238E10
15.00393578939701 1.151764134486763 1.4799999999999998 81.50794607759534 143.3765592702108 101.62123628538204 666.1160841848214 0.0 124.46188413412185 70.98409382614301 2532.5254996969434 1.0993045238E10
16.00393578939701 1.151764134486763 1.4799999999999998 81.65560771013952 144.70298153053966 102.09188640135139 685.5215626133324 0.0 125.32820577553544 71.65117768413155 2549.3965815752867 1.0993045238E10
17.003935789397058 1.1603415896402813 1.4799999999999998 81.74601870158808 145.2572342757405 102.09087470094724 674.6559390274831 0.0 126.30327461335301 71.58806201895128 2585.650328695213 1.0993045238E10
18.003935789397108 1.1603415896402813 1.4799999999999998 81.77340967494223 144.1423110896697 102.22663318013694 672.6386479132468 0.0 126.69067852965068 71.47948174162056 2620.7129735951244 1.0993045238E10
19.003935789397158 1.0759266002975278 1.4799999999999998 81.8956339259757 143.29399644398978 102.39087698768884 675.1608389336316 0.0 127.19653045952461 71.76294401566048 2588.06734388845 1.0993045238E10
20.003935789397207 1.0759266002975278 1.4799999999999998 81.63473093219744 142.8373850272412 102.01816188186778 665.7875522869339 0.0 125.28891229450115 71.46716307481005 2597.746893776847 1.0993045238E10
21.003935789397257 1.0232741203227749 1.4799999999999998 81.71090737112615 142.08489540036726 102.41514152309598 689.9699058325655 0.0 125.99181544517732 71.9606832374654 2552.2102471006933 1.0993045238E10
22.003935789397307 1.0232741203227749 1.4799999999999998 82.1643221578484 144.90039878950125 103.24366622693584 719.5913809047286 0.0 125.34634446871273 72.0530552445871 2498.22768599851 1.0993045238E10
23.003935789397357 1.197304877579962 1.4799999999999998 81.7721986080275 144.16355146491034 102.88222053914083 710.4622636758438 0.0 126.22570074280652 72.34717343080194 2501.7907537131223 1.0993045238E10
24.003935789397406 1.197304877579962 1.4799999999999998 81.41452096314455 142.91437447080986 102.47645121165839 719.6329906882384 0.0 126.35691365663959 72.52585378078012 2441.393088534675 1.0993045238E10
25.003935789397456 1.161408038159448 1.4799999999999998 81.45599854916783 144.6081214463162 102.67252036868194 739.384728683462 0.0 125.64520309542172 73.07284071324094 2429.1705909304505 1.0993045238E10
26.003935789397506 1.161408038159448 1.4799999999999998 81.25748182749274 144.35852448720493 102.73402633140238 751.4617039752966 0.0 125.67955544178301 73.24526405334768 2437.5373450319853 1.0993045238E10
27.003935789397556 1.0643434030041254 1.4799999999999998 81.27993067167657 144.35017440205397 102.76049051889812 765.5529039678017 0.0 123.82828463045436 73.31362486174157 2417.053070387454 1.0993045238E10
28.003935789397605 1.0643434030041254 1.4799999999999998 81.2104915860882 144.404486488426 102.59016985083151 765.1335701241662 0.0 122.79364343136663 73.48027492640148 2446.8433547123004 1.0993045238E10
29.003935789397655 1.1306154152397245 1.4799999999999998 77.49010138936211 149.0135564960089 94.57418218983088 678.4714681233155 6.445776970457175 122.60338573889203 80.50655465823829 2078.847827164818 1.1635373554E10
30.003935789397705 1.1306154152397245 1.4799999999999998 77.385166013596 147.2490746988463 98.61720505938403 757.020578397904 5.604325990680449 122.63585978806368 69.95334802811324 2330.7662366899217 1.1635373554E10
31.003935789397755 1.1888488540262865 1.4799999999999998 77.79484583750825 148.47829526382122 98.94816410264364 763.4160605329364 6.5615548458538 123.25078519254926 70.48629609345666 2330.9628094008726 1.1635373554E10
32.0039357893978 1.1888488540262865 1.4799999999999998 77.65128537618133 147.80298757412962 99.16039687199711 769.2918026967787 4.802294712401457 122.39885434410436 69.96533096236787 2380.7894894383116 1.1635373554E10
33.003935789397744 1.008371697179711 1.4799999999999998 77.94769797406155 143.49446454652565 99.01469192487559 731.7268340246093 6.768615286125446 122.62816055643444 70.42247786624807 2311.6225648966592 1.1635373554E10
34.00393578939769 1.008371697179711 1.4799999999999998 77.94732822765121 145.16500550726266 99.4547636546455 766.8077199186474 6.910767484140782 121.76578433578103 70.63558730953402 2276.3466158170586 1.1635373554E10
35.00393578939763 1.1132755150685574 1.4799999999999998 78.06837689916703 145.28952593167264 99.85039875516715 781.8426990567784 7.377577409252903 121.69920200803213 71.12235945146877 2255.812880248999 1.1635373554E10
36.00393578939757 1.1132755150685574 1.4799999999999998 78.21850979552903 144.5863240328216 100.1217199447094 787.1769708828474 6.591987552406671 122.30511326947358 71.57521605985872 2266.756384208453 1.1635373554E10
37.00393578939752 1.069156721271907 1.4799999999999998 78.5297048941746 145.47723509606269 100.4102260931167 796.3049811661679 9.130193315861344 123.11162269947499 72.18391890448024 2239.4941091677433 1.1635373554E10
38.00393578939746 1.069156721271907 1.4799999999999998 78.25210583192727 146.5068018143014 100.6726152262922 823.4615944258845 7.498361019168843 123.04808065303455 71.95803674089201 2274.979976208164 1.1635373554E10
39.0039357893974 1.0234819919362652 1.4799999999999998 78.23853020664863 146.20544876355538 100.55079914669356 822.0695055293348 5.6668219405959475 123.94074138245487 71.77550302630344 2323.6631448908684 1.1635373554E10
40.003935789397346 1.0234819919362652 1.4799999999999998 78.44021029408886 146.35384863573813 100.78428821925407 818.1390892579924 6.020847883606871 124.17026546013835 71.87215574448824 2345.9920588399086 1.1635373554E10
41.00393578939729 1.0913381802316195 1.4799999999999998 78.75302236206568 147.95737504608664 101.18356903639248 836.7455372192693 4.936944155596154 125.88165075675622 71.86823226426114 2391.5231913180633 1.1635373554E10
42.00393578939723 1.0913381802316195 1.4799999999999998 78.73224028735308 146.0558408224982 101.12323327116516 826.8731783560381 5.180912816502191 125.90466165798107 71.73549255317108 2406.173830123843 1.1635373554E10
43.003935789397175 1.0398978079677856 1.4799999999999998 78.13788312269517 144.66070379558232 100.28901099360907 798.6525530714517 4.064969244813631 127.11775321635886 71.32719089942026 2411.0029180097913 1.1635373554E10
44.00393578939712 1.0398978079677856 1.4799999999999998 77.73237977471001 142.036435833911 99.54633300377235 775.5956726161073 5.483964490499557 126.5286188229957 70.65720783393448 2410.9078016490857 1.1635373554E10
45.00393578939706 0.9730541916337219 1.4799999999999998 77.54043294104238 143.4107703237537 99.25021943330195 780.046325713888 6.966385948586165 125.41212744403552 70.30766853945995 2356.7734515244924 1.1635373554E10
46.003935789397005 0.9730541916337219 1.4799999999999998 77.50479060045888 144.69636660607344 99.3922893735294 786.6067323651371 6.565116570203398 123.70805235484791 70.54312830288657 2305.7815458089085 1.1635373554E10
47.00393578939695 1.033616864196818 1.4799999999999998 78.31673405004304 143.19134143452348 100.04703453459068 774.5463182910795 6.075814015666829 123.84827057026784 70.57853365938139 2364.629250647568 1.1635373554E10
48.00393578939689 1.033616864196818 1.4799999999999998 77.95252675499003 144.318135039426 99.78344498881799 790.4138790940201 6.690446965559208 124.17465594779021 70.98130052824781 2305.959856809176 1.1635373554E10
49.003935789396834 0.9825622041163382 1.4799999999999998 78.68296061634342 145.17341089380042 100.67085892666094 796.5921250651816 10.6455492505968 124.52330340942335 72.13760672029899 2296.2727003194136 1.1635373554E10
50.00393578939678 0.9825622041163382 1.4799999999999998 78.70635573716999 142.84445220676278 100.8426103330945 792.4762580964933 9.952632037774736 123.82347713261932 71.8567707826164 2296.148590243219 1.1635373554E10
51.00393578939672 1.0691837944262306 1.4799999999999998 79.25613298770648 143.3879506099345 100.93858499138089 771.0737606807385 11.32832115035897 123.57230938023244 71.9999508332298 2314.3411868883704 1.1635373554E10
52.003935789396664 1.0691837944262306 1.4799999999999998 78.94852667147988 143.42644762846322 100.99157501370762 783.7007313395866 10.362285877490047 123.57031929704378 71.88161343250542 2319.8854267823076 1.1635373554E10
53.00393578939661 1.093007536794076 1.4799999999999998 78.99927902296152 144.97475833800488 101.23796865665904 803.9105954521361 8.748053943461178 123.22115043234967 71.77185392183385 2338.6955084442275 1.1635373554E10
54.00393578939655 1.093007536794076 1.4799999999999998 78.76591231087045 143.89553153611942 100.8749801198087 794.151293601179 5.158307007770837 124.08603163188486 70.94852401747147 2392.954199399239 1.1635373554E10
55.00393578939649 0.9837637249790141 1.4799999999999998 79.189306112714 145.8423190829512 101.17022943275704 803.3253074660073 4.3959363172228825 123.05186275042857 70.85314744573702 2408.3522135222083 1.1635373554E10
56.00393578939644 0.9837637249790141 1.4799999999999998 79.17138969192035 145.2113794094793 101.1747855863913 794.3733533652435 3.2787719040983028 122.62408082168892 70.45832652178855 2417.092127188975 1.1635373554E10
57.00393578939638 0.902327500777209 1.4799999999999998 78.75513069557107 144.61280663197522 100.52842311421445 768.3175357087476 4.077296021812665 122.51545662499532 70.79941307008923 2366.142018600884 1.1635373554E10
58.00393578939632 0.902327500777209 1.4799999999999998 78.71091480459528 145.07262601078347 100.43973147791672 782.5286032248623 6.339425832666593 124.17351166268611 71.57946810752816 2333.5377239727172 1.1635373554E10
59.003935789396266 1.0215036181910078 1.4799999999999998 80.13623201655896 142.74464861073818 107.470456705132 804.5118504779376 7.671162491080347 123.67719260757585 65.26709626045944 2509.202426326277 1.6498689509E10
60.00393578939621 1.0215036181910078 1.4799999999999998 80.6020714978965 143.4465951287501 101.93677676414048 742.6686646866791 8.909291628728464 123.47192824654334 75.9510160842758 2318.66988033656 1.6498689509E10
61.00393578939615 0.889418453711749 1.4799999999999998 80.90243747811888 148.08392670413147 102.48602105605228 767.6079133950474 13.192866889965781 123.69635979579247 76.17225640334718 2287.380286260278 1.6498689509E10
62.003935789396095 0.889418453711749 1.4799999999999998 80.94924372928295 149.7915051331046 102.41451538479576 767.2500984605117 13.747487567004322 124.18768992295597 76.48645273843026 2250.2307780472825 1.6498689509E10
63.00393578939604 0.9661338256675372 1.4799999999999998 81.3726961681063 150.49512744937007 103.16304705434291 795.5664771904659 12.293521858367134 123.28041010202904 76.47605375943651 2287.7198917376727 1.6498689509E10
64.00393578939598 0.9661338256675372 1.4799999999999998 81.55357753338393 150.1766802071218 103.6419034548656 800.4802228538402 12.76706854854705 123.9799168850291 76.58351120683389 2315.2488334065674 1.6498689509E10
65.00393578939592 0.9769304549742783 1.4799999999999998 82.09122884267877 150.84191595704772 104.3681549283272 813.9422162239172 13.65002671060255 124.58579029743589 77.13693603781265 2328.441318004677 1.6498689509E10
66.00393578939587 0.9769304549742783 1.4799999999999998 82.65810324245857 149.1960622196255 104.66986298486961 804.2204631242431 12.795977010978106 124.70028576714049 77.32233230138445 2312.273080733153 1.6498689509E10
67.00393578939581 0.9357686921124909 1.4799999999999998 82.74819432081729 148.49774968371867 104.91070538147939 810.9343806001806 11.3481638597638 124.38666337936972 77.0274485872058 2308.7135222558736 1.6498689509E10
68.00393578939575 0.9357686921124909 1.4799999999999998 82.73784370574566 146.18655701428668 104.33332130336942 776.4147968019907 11.334167377675115 124.61949590519552 76.60049472194233 2322.9957523396793 1.6498689509E10
69.0039357893957 1.0047530933862425 1.4799999999999998 82.23866636933866 145.20486809341458 104.1393699288597 790.9584506707369 8.988935108871228 124.14150838189421 76.35878999442795 2314.3241135605786 1.6498689509E10
70.00393578939564 1.0047530933862425 1.4799999999999998 81.4572072664608 144.975784550658 103.27666432443637 770.5287847923171 9.293265366827718 123.07825447982457 76.63341249933838 2295.1574390463375 1.6498689509E10
71.00393578939558 0.9607588241369382 1.4799999999999998 81.17449112066687 145.16637140270726 102.96887398632478 782.1758565002689 8.068163772721906 122.1940942299417 75.8793901285039 2290.248587573533 1.6498689509E10
72.00393578939553 0.9607588241369382 1.4799999999999998 81.17936845524557 143.53716823074527 102.75017847481287 762.6355889207825 7.509316001179239 122.78418912006116 76.09787207785877 2274.5194652836185 1.6498689509E10
73.00393578939547 0.916314660378267 1.4799999999999998 80.88923502739898 143.8978814205133 102.37886111582274 759.2650345716949 7.547596391057655 120.5363073369297 75.53805009074073 2263.2497921857935 1.6498689509E10
74.00393578939541 0.916314660378267 1.4799999999999998 80.99269847631125 143.27825638241623 102.56438266578922 757.3685889281587 7.843357430667998 119.38941034320646 75.96468613935316 2214.884407626394 1.6498689509E10
75.00393578939536 0.9465753725491285 1.4799999999999998 81.68643438669217 142.551829870914 103.31349364843608 769.7847953051528 7.406538311595336 121.19546423023883 76.19668409820748 2199.353105055385 1.6498689509E10
76.0039357893953 0.9465753725491285 1.4799999999999998 81.19020642889711 141.1516784907472 102.61519001248946 743.6982432815945 6.472298234620974 122.15090275390602 75.95288040324488 2236.104560789905 1.6498689509E10
77.00393578939524 0.9000734948852883 1.4799999999999998 80.78665256750273 140.478078280326 102.09890946230925 739.7054810869729 3.9257877796898497 120.23151571728185 75.56739218004097 2247.9201572824495 1.6498689509E10
78.00393578939519 0.9000734948852883 1.4799999999999998 80.20681953529032 138.5062053418018 101.4573217218855 729.695850297487 4.18787406061149 120.2107236102128 75.69514877256395 2235.531398224517 1.6498689509E10
79.00393578939513 0.91760123473358 1.4799999999999998 80.23653178023729 139.1247034802583 101.41628438966117 730.4680109019386 2.992252093080938 119.88286419031496 74.88837894188924 2274.603117954246 1.6498689509E10
80.00393578939507 0.91760123473358 1.4799999999999998 80.43875557385314 141.51947244875203 102.3684320644079 771.4219928019348 1.6994199407412782 118.84927057908344 75.01275436314515 2262.3905850499305 1.6498689509E10
81.00393578939502 0.8901126799278187 1.4799999999999998 80.55705644792215 140.8964967684477 102.03094282806944 740.1030131433973 3.004249112325848 120.18882926744466 75.36244156164784 2236.5048525936863 1.6498689509E10
82.00393578939496 0.8901126799278187 1.4799999999999998 80.26190518405959 139.86582303846166 101.47742598124042 741.548218470489 2.229700507402363 121.75165929588957 75.53420088811252 2261.9461937545184 1.6498689509E10
83.0039357893949 0.8765796603424475 1.4799999999999998 80.05048492232883 140.24412733256372 101.07390311447129 728.4976108975075 4.382154966791181 122.48591015996044 75.60066890086895 2285.2710283935517 1.6498689509E10
84.00393578939484 0.8765796603424475 1.4799999999999998 79.88020019887027 138.54656646350028 100.68885815103263 703.4398515044917 7.183313928301191 122.69670175575796 75.80764813597591 2267.157971532315 1.6498689509E10
85.00393578939479 0.948511452571382 1.4799999999999998 80.17126835001338 139.25839789863738 101.71531831829755 739.519210689362 8.188085620176944 122.5195012402838 76.3738386725691 2196.2801194756817 1.6498689509E10
86.00393578939473 0.948511452571382 1.4799999999999998 80.82524247441324 141.8084039436193 102.24815930911925 743.23035106375 10.76724294165057 123.61747827570863 76.33466060488334 2211.1568799756287 1.6498689509E10
87.00393578939467 0.9142406877490342 1.4799999999999998 81.40130680130963 143.16067262965163 103.12440958573754 756.5860750203584 11.903570898791838 122.59711406754698 76.87138474328641 2212.2030208703486 1.6498689509E10
88.00393578939462 0.9142406877490342 1.4799999999999998 81.99935659807295 140.59650724685523 103.0368211077762 720.9427670053071 9.563141524642903 123.65626016776187 76.9604186212489 2293.882975848172 1.6498689509E10
89.00393578939456 0.8860194597798314 1.4799999999999998 81.97784875077069 142.4533834440474 104.37870917870916 676.5807560450143 17.041524279072434 123.1503961343723 76.21747439249403 2254.5242736661767 1.4471729109E10
90.0039357893945 0.8860194597798314 1.4799999999999998 84.49031905527458 142.98805299395474 104.59737020775879 646.0207282378238 17.749119049113467 123.05673078361538 75.76062844486003 2239.784199525583 1.4471729109E10
91.00393578939445 0.8915815229174009 1.4799999999999998 84.5903957716069 142.63396469990312 104.48649036714667 631.56009125362 15.259257452923924 123.12950943528585 75.31109318416253 2333.9470374762936 1.4471729109E10
92.00393578939439 0.8915815229174009 1.4799999999999998 84.50688361935045 141.5767847580792 104.29632397590372 618.9913386631777 15.667184552652278 123.1453736017052 75.4632199838246 2361.527846378968 1.4471729109E10
93.00393578939433 0.8638561834751693 1.4799999999999998 84.49972725195282 144.68476050753043 104.53960134120781 642.470966031166 14.619290527301299 122.33651685067886 75.02245861972035 2387.663087124369 1.4471729109E10
94.00393578939428 0.8638561834751693 1.4799999999999998 84.57605241562304 145.8516427422626 104.72253829634465 654.8621255111625 13.147876663734996 124.00523863093102 74.92550101503703 2387.910744306986 1.4471729109E10
95.00393578939422 0.8936143444610363 1.4799999999999998 84.27504520240389 146.70686579713058 104.59315970643088 656.5907501213343 11.638476443480858 124.98192587258393 75.50741342067536 2359.2631955624393 1.4471729109E10
96.00393578939416 0.8936143444610363 1.4799999999999998 83.7577990968535 146.44070894530557 103.97301888427552 660.7623138536808 12.004302687858532 124.87372822766288 75.57832361418536 2278.5461301205683 1.4471729109E10
97.0039357893941 0.8964557736539909 1.4799999999999998 83.64295099248982 146.5195486970981 103.8783206550443 664.7525463336619 11.80991185228243 125.11366898296986 75.25324884736469 2223.7620997333443 1.4471729109E10
98.00393578939405 0.8964557736539909 1.4799999999999998 83.38178458580414 144.2464512997455 103.50842062375673 647.6948998884719 11.997222497466279 124.57880116053006 75.11140787522295 2220.5586368311197 1.4471729109E10
99.00393578939399 0.8919829055945443 1.4799999999999998 82.8393413940242 144.54120225271365 103.03827885063706 654.5230081961399 11.703997248719219 122.57232926514848 74.68979625727047 2212.4608240474145 1.4471729109E10
100.00393578939394 0.8919829055945443 1.4799999999999998 83.23453049445885 144.9518873255111 103.4773871414247 654.7733756247909 10.74761503204476 123.33385057598791 74.71850489761746 2232.1670995901577 1.4471729109E10
101.00393578939388 0.8764567319219893 1.4799999999999998 83.74734152370212 145.16189879418116 104.05016092039787 647.8567199472272 11.03552738794462 123.4664790204603 74.542073219428 2273.455929905913 1.4471729109E10
102.00393578939382 0.8764567319219893 1.4799999999999998 84.23414553327228 146.76023516919065 104.51160643719705 661.1344699031254 12.117781697443286 124.20233168873597 74.66560160554283 2303.405341068101 1.4471729109E10
103.00393578939376 0.871427416966152 1.4799999999999998 84.2394215399236 145.6286849069984 104.41778021963805 648.1742907000478 12.681596296427713 124.62632603672687 74.66932134750756 2266.1620369489274 1.4471729109E10
104.00393578939371 0.871427416966152 1.4799999999999998 83.66370932729936 144.2057179901256 103.86948055944289 642.0423753494944 12.893046232803902 123.69798933003138 74.16336016071354 2242.15640334825 1.4471729109E10
105.00393578939365 0.9072770261368531 1.4799999999999998 83.73433974983212 143.84887532935375 103.59702714561739 633.7881234893752 13.973137644466245 123.0233575240208 74.27699932842654 2240.5520833821593 1.4471729109E10
106.0039357893936 0.9072770261368531 1.4799999999999998 83.51318923545819 142.62925247732923 103.18822620333933 619.3190324357964 12.103024159629557 122.71567294408763 73.86299082660047 2300.7838200633687 1.4471729109E10
107.00393578939354 0.9268293622993491 1.4799999999999998 83.46536859183672 141.99191015248076 103.59462012575815 630.5846483063278 12.621427115613596 121.72646717525461 73.95986162705891 2288.3695837663486 1.4471729109E10
108.00393578939348 0.9268293622993491 1.4799999999999998 84.20827696433652 142.11838947952106 104.03575852304428 630.7770363551136 13.644374693572994 122.15104178754534 74.42184798814185 2273.8561449315607 1.4471729109E10
109.00393578939342 0.8938940018424351 1.4799999999999998 84.12827482397122 139.45032258623303 103.95607702448748 612.5614240597073 11.798244850297912 122.73343737608434 73.76093517983135 2371.3807862531266 1.4471729109E10
110.00393578939337 0.8938940018424351 1.4799999999999998 84.6300546647921 136.58631065093044 104.04681386581274 600.4254631470658 13.038802414185236 121.00712501631726 73.55545074325288 2359.5522970949883 1.4471729109E10
111.00393578939331 0.9056996606717622 1.4799999999999998 84.62357024157261 137.06131247269653 104.17406999393272 600.7543945363432 13.034572142072074 119.33565009398663 73.34306424004518 2380.169472373448 1.4471729109E10
112.00393578939325 0.9056996606717622 1.4799999999999998 84.50462372347245 136.01421388953557 103.87094538511124 585.3121036003649 14.558809068227333 118.17039396443309 73.0336436839571 2365.184809654227 1.4471729109E10
113.0039357893932 0.8795060940893076 1.4799999999999998 84.50078735775728 136.19053725606983 103.8569083095084 588.6051515312257 13.728830527912402 116.00139004343498 72.58043232624118 2425.9375681753 1.4471729109E10
114.00393578939314 0.8795060940893076 1.4799999999999998 84.48621907739647 135.315412893901 103.70971993871053 581.9941155644824 14.218631907977525 116.34805487080223 72.52249263111125 2418.5363085592417 1.4471729109E10
115.00393578939308 0.8959659824875148 1.4799999999999998 84.63963895822475 135.9974038860655 104.27012239425981 598.5317118285018 13.608151971044796 116.63711246229995 72.69992760325493 2410.5294426239293 1.4471729109E10
116.00393578939303 0.8959659824875148 1.4799999999999998 84.634570504524 136.81061442556424 104.26195492674128 596.8042644203688 14.252273410952691 117.64811418989716 73.14716572298848 2375.283999746546 1.4471729109E10
117.00393578939297 0.8992826334300961 1.4799999999999998 84.62933935261943 139.29736213671615 104.58666565054176 634.0815819096006 13.245030917841595 118.21074298802401 72.90560120659411 2370.7246139579606 1.4471729109E10
118.00393578939291 0.8992826334300961 1.4799999999999998 83.84841016974717 140.3113794099263 104.05348566704322 635.850220125258 12.870852195429913 117.9929350963707 72.62152601380508 2363.7673243006684 1.4471729109E10
119.00393578939286 0.8946549274638225 1.4799999999999998 81.67017149743899 150.352353732054 105.21327981611782 867.3984920784084 0.0 116.8595424387041 72.69261238046633 2324.0260217511523 1.09454220662E11
120.0039357893928 0.8946549274638225 1.4799999999999998 81.68546707793882 151.69598573957512 105.12160723970467 915.1754259973573 0.0 118.45714426364812 73.13888148635507 2272.123377181206 1.09454220662E11
121.00393578939274 0.9316980513206472 1.4799999999999998 81.99911871988529 153.0348310254683 105.3680957908457 921.0744490685793 0.0 118.9599364303293 72.87131821015873 2298.485364958978 1.09454220662E11
122.00393578939268 0.9316980513206472 1.4799999999999998 82.01958144741457 151.5211459000673 105.57032136339716 916.1756381613161 0.0 119.64060285603564 73.11708648242171 2323.198120632478 1.09454220662E11
123.00393578939263 0.8717816442455346 1.4799999999999998 82.63846734152814 151.22629194016173 106.18423158696913 927.7291849026531 0.0 119.93307053736146 73.50088531483527 2283.661124239293 1.09454220662E11
124.00393578939257 0.8717816442455346 1.4799999999999998 82.69629809100023 153.8453371415071 106.85108167819982 972.6914641382123 0.0 120.87971996761071 73.78124372912856 2265.471833306298 1.09454220662E11
125.00393578939251 0.9057731328273546 1.4799999999999998 83.36844895323806 154.9008012317839 107.59236622017336 984.529607889785 0.0 120.8283394167726 73.79553613471624 2267.408896802753 1.09454220662E11
126.00393578939246 0.9057731328273546 1.4799999999999998 83.21866268997321 153.9664327567647 107.5018984584991 966.8070283290643 0.0 121.17348453477703 74.43987231096288 2275.7245882632233 1.09454220662E11
127.0039357893924 0.9163154487031185 1.4799999999999998 83.08286777945744 155.7098964527971 107.43895711537832 993.7055899439046 0.0 122.74901812100447 74.46884413661382 2273.666457839883 1.09454220662E11
128.00393578939236 0.9163154487031185 1.4799999999999998 83.15823737295945 156.2718711581279 107.37924540601948 999.3536644893516 0.0 122.69390633146165 74.31979538651592 2254.045758223479 1.09454220662E11
129.0039357893923 0.88506100764613 1.4799999999999998 83.41499521597919 158.9064248976162 108.14916178727779 1026.3658686786 0.0 122.18427184942593 73.97794505505892 2296.096087992677 1.09454220662E11
130.00393578939224 0.88506100764613 1.4799999999999998 83.78679847333346 158.96639289355164 108.11997622850345 1006.2844966770457 0.0 123.6815142112946 74.46435158376345 2337.22523532197 1.09454220662E11
131.0039357893922 0.9400332028163044 1.4799999999999998 83.77201671834833 158.20799252815024 108.20884078123909 1010.5174315339805 0.0 125.00835069725262 74.30721070984136 2326.540083365901 1.09454220662E11
132.00393578939213 0.9400332028163044 1.4799999999999998 83.98130010108383 158.90591849075744 108.33514769464783 1001.7353669127406 0.0 125.32006132777224 73.96001239503315 2354.550913410914 1.09454220662E11
133.00393578939207 0.9218963734640058 1.4799999999999998 83.99349978394409 156.07801884875255 107.9843687846464 964.0018820628907 0.0 125.1818907785153 73.59634152419568 2376.4210765200883 1.09454220662E11
134.00393578939202 0.9218963734640058 1.4799999999999998 83.79055085096805 156.6889809801822 107.7291608158609 968.7739255267002 0.0 125.86891979946299 73.30479753545393 2408.239175999296 1.09454220662E11
135.00393578939196 0.9285563866675836 1.4799999999999998 83.80163412999042 157.86772935659604 107.91929540688612 988.3858009173987 0.0 125.97912135145961 73.31378174414994 2438.3757597862914 1.09454220662E11
136.0039357893919 0.9285563866675836 1.4799999999999998 83.48327228637604 156.72548902435335 107.48198021321622 984.8745452687112 0.0 126.24392122969932 73.09216436711586 2424.0083081576595 1.09454220662E11
137.00393578939185 1.0143604111643731 1.4799999999999998 83.35284368117372 158.62600040815806 107.79645879474673 1021.765446375699 0.0 125.34135611105528 73.39789520000033 2426.5231159120276 1.09454220662E11
138.0039357893918 1.0143604111643731 1.4799999999999998 84.09159263807337 158.21798597898274 108.44694051010623 1008.4333745498194 0.0 123.84178437272294 73.70782571266821 2373.375696305318 1.09454220662E11
139.00393578939173 0.9393597177798941 1.4799999999999998 84.36740981495674 159.26202909169018 109.02163609238386 1023.5448684925409 0.0 123.87334103791045 74.04357489138519 2340.3921399201636 1.09454220662E11
140.00393578939168 0.9393597177798941 1.4799999999999998 84.46175620839189 160.27940075794905 109.03025171662816 1016.5977253588527 0.0 124.06926713581375 74.50982365341545 2354.2177578965398 1.09454220662E11
141.00393578939162 0.9366522639088626 1.4799999999999998 84.65967846945927 160.02708795439463 108.87574109463307 997.4088571804235 0.0 124.55311220846302 74.38474261450963 2397.2925877500843 1.09454220662E11
142.00393578939156 0.9366522639088626 1.4799999999999998 84.68365876372962 159.5247726592397 109.0770149152138 1015.1907037910161 0.0 125.67160083397161 74.40202201562862 2391.1470475381025 1.09454220662E11
143.0039357893915 0.9432068834032188 1.4799999999999998 84.19896989887404 158.49343549102935 108.51277459868135 1000.2747519893396 0.0 127.62486361806046 74.62047474812302 2363.5803990035283 1.09454220662E11
144.00393578939145 0.9432068834032188 1.4799999999999998 83.78772745793134 156.24766523799565 107.6500128160027 975.0547661850165 0.0 127.070645959739 74.07812510841121 2363.629056693172 1.09454220662E11
145.0039357893914 0.923403665165115 1.4799999999999998 83.50776100351456 154.78093531717326 107.42942535003122 958.4886080391092 0.0 125.61721009002754 73.7342577006943 2349.679867016196 1.09454220662E11
146.00393578939133 0.923403665165115 1.4799999999999998 83.169378053778 154.95664599218145 106.98133071300296 939.1090663268502 0.0 125.7732984137107 73.81857503591337 2324.678820022364 1.09454220662E11
147.00393578939128 0.9284849153183692 1.4799999999999998 83.31734547170953 152.83135129793544 106.76374912502438 922.346131881322 0.0 126.37067707005856 73.32744414317287 2297.1222053982415 1.09454220662E11
148.00393578939122 0.9284849153183692 1.4799999999999998 83.5028141993176 154.61482818398164 107.29146828758473 942.9623084923767 0.0 126.77073527633789 73.24515580599845 2306.7747882224885 1.09454220662E11
149.00393578939116 0.9087136735750294 1.4799999999999998 83.78811674952834 150.20398872148374 108.1596696239692 811.8695448095181 0.0 127.06259170955396 72.03504282321879 2480.4870282203947 1.1696321606E10
150.0039357893911 0.9087136735750294 1.4799999999999998 86.96789467508395 149.75015693243745 109.0027912492536 781.070782232836 0.0 124.89245759444388 71.69905217434494 2499.8822646153267 1.1696321606E10
151.00393578939105 0.9126531988656078 1.4799999999999998 87.1073430146414 151.60463012433897 109.23996779425697 797.306647740968 0.0 124.68866063611782 71.92074981835638 2472.2436697645603 1.1696321606E10
152.003935789391 0.9126531988656078 1.4799999999999998 86.92753141809277 152.86418132381274 109.26201852995169 808.9935889778253 0.0 125.72399594815306 71.89457017123765 2465.8905888392305 1.1696321606E10
153.00393578939094 0.9861816172773998 1.4799999999999998 86.69912618823776 150.8827085720281 108.88437545223472 785.4613033521462 0.0 126.09376939124886 71.62577088736853 2513.291975499194 1.1696321606E10
154.00393578939088 0.9861816172773998 1.4799999999999998 86.48694465945763 150.6481245627286 108.63320684886466 791.6661405855016 0.0 125.1715600716652 71.71316651536195 2510.3834139128926 1.1696321606E10
155.00393578939082 0.9266236447245445 1.4799999999999998 85.94164295784164 149.80642980440842 108.19207433042298 796.170434171483 0.0 125.00287034405207 71.52366350336293 2517.4213380106817 1.1696321606E10
156.00393578939077 0.9266236447245445 1.4799999999999998 85.43908153929526 150.47802949042048 107.73021461307421 811.355029648746 0.0 123.8759902189026 71.49145736217014 2430.226259351122 1.1696321606E10
157.0039357893907 0.9963579582682032 1.4799999999999998 85.3112865281365 151.13224627212114 108.03427069855908 834.5324307980756 0.0 124.15006144648586 71.62033417314059 2469.3484800185734 1.1696321606E10
158.00393578939065 0.9963579582682032 1.4799999999999998 85.24203485436747 149.83669576161702 107.68590619364187 810.2332999144983 0.0 124.5036338914219 71.46378281726842 2487.3902785356713 1.1696321606E10
159.0039357893906 1.0332472038806955 1.4799999999999998 85.18320750110776 148.94160385606654 107.6423697784704 810.965834534609 0.0 123.30734309708359 71.09277501222354 2503.8858032849244 1.1696321606E10
160.00393578939054 1.0332472038806955 1.4799999999999998 85.51766620370415 151.34755344083158 108.0192731509676 826.2645472411691 0.0 123.58683452736754 71.78630104436859 2469.36704073116 1.1696321606E10
161.00393578939048 1.0808535457271566 1.4799999999999998 85.34546748965136 151.55452896791445 108.11151407157126 843.9315691625666 0.0 125.17934351658084 72.08023161332561 2498.431115971688 1.1696321606E10
162.00393578939043 1.0808535457271566 1.4799999999999998 85.54698803525606 149.25299063039319 107.91327733540103 813.7261626155929 0.0 124.78330596271269 72.06513245357809 2489.080617639345 1.1696321606E10
163.00393578939037 0.9699817962778561 1.4799999999999998 85.38618949574378 147.21052722406 107.60857439005169 790.3581745239356 0.0 123.31737584007772 72.33552346809046 2495.582844006405 1.1696321606E10
164.0039357893903 0.9699817962778561 1.4799999999999998 84.92223564211056 147.78178190089616 107.5270567066019 813.4401600113714 0.0 121.65738218193583 71.81211974073157 2363.8992439612794 1.1696321606E10
165.00393578939025 0.9976455997453952 1.4799999999999998 85.14262160467399 146.53550390920944 107.2995961142501 792.3529660494456 0.0 122.38145270298678 71.90416335444606 2347.755059335367 1.1696321606E10
166.0039357893902 0.9976455997453952 1.4799999999999998 84.64500813809774 146.40663804166994 107.17410832017018 814.2465270400816 0.0 121.52430361006793 71.55922190222611 2333.4640827727867 1.1696321606E10
167.00393578939014 1.044373302943236 1.4799999999999998 84.54361029526905 146.42613915232042 107.0772434475186 819.3218312879673 0.0 120.90738999474108 71.29473955744606 2328.1509841025018 1.1696321606E10
168.00393578939008 1.044373302943236 1.4799999999999998 84.7546340308309 148.1322113293889 107.71379090557961 849.3735081453765 0.0 121.83929760366782 71.30233815107236 2353.329285768156 1.1696321606E10
169.00393578939003 1.0045746405101883 1.4799999999999998 85.06959370069374 149.01416994661997 107.80563765785455 843.6339042580497 0.0 121.31457781048228 71.50506476848129 2324.6472434635016 1.1696321606E10
170.00393578938997 1.0045746405101883 1.4799999999999998 84.87971300396897 149.62247915487316 107.80601334336103 848.022819214567 0.0 121.51351436971397 71.5711787887508 2318.23487087714 1.1696321606E10
171.0039357893899 1.0851896818664664 1.4799999999999998 84.7363505033963 147.7305104084364 107.34702373427905 806.1295921686001 0.0 121.56447260338203 72.13747151194465 2291.384133408201 1.1696321606E10
172.00393578938986 1.0851896818664664 1.4799999999999998 84.7472767190275 147.86840407798235 107.30603113202412 823.4862861582977 0.0 120.51440016341594 72.18192521605823 2259.365065375443 1.1696321606E10
173.0039357893898 1.0083055546115365 1.4799999999999998 84.44912926673997 149.08857859393297 107.10787739370998 817.1790972469556 0.0 119.55710189356958 72.1036246850712 2264.142074005148 1.1696321606E10
174.00393578938974 1.0083055546115365 1.4799999999999998 84.3355075961514 151.19655020233546 107.20437490246174 842.9122483789763 0.0 118.63802626183951 71.96720295313541 2217.3344244326463 1.1696321606E10
175.0039357893897 1.1914481498288243 1.4799999999999998 84.53461292791738 150.73117392253982 107.45263067985611 847.8442054584325 0.0 119.74646657617495 72.76992117138926 2144.997125492293 1.1696321606E10
176.00393578938963 1.1914481498288243 1.4799999999999998 84.65845383702084 154.238272052475 108.05934803779651 881.2716208213488 0.0 119.73596768740887 72.8725431654095 2146.336735010965 1.1696321606E10
177.00393578938957 1.0482620518372674 1.4799999999999998 84.77564078582037 153.49642349473504 108.17132876436666 877.5919033231207 0.0 119.52648148351253 72.77131884362709 2191.9314972991565 1.1696321606E10
178.00393578938952 1.0482620518372674 1.4799999999999998 85.11275574953818 152.72479425079214 108.21815879435366 872.0905506324937 0.0 119.18876078473404 72.71723536078676 2199.5121602382505 1.1696321606E10
179.00393578938946 1.0795673189796264 1.4799999999999998 77.89599701371078 155.84328840224964 100.5457520382278 767.7755069904613 20.327372924036148 119.93940202088962 73.59962364742742 2036.306495627433 7.650794595E9
180.0039357893894 1.0795673189796264 1.4799999999999998 77.87977210091708 156.92071930255528 99.83292157735247 853.7024426932403 19.242589255300338 120.71385974429458 73.95490748644072 2057.557776698819 7.650794595E9
181.00393578938935 1.1262315462472796 1.4799999999999998 78.186028027802 156.77655014769817 99.62456513131768 829.5657749011738 21.19165797919483 120.58626482161394 74.52577406981581 2043.7347714912003 7.650794595E9
182.0039357893893 1.1262315462472796 1.4799999999999998 78.14466455992937 154.4612460400158 99.62729913356374 825.6721322318203 21.48367473713239 119.90162083147013 74.1767378993204 1989.2478552984203 7.650794595E9
183.00393578938923 1.0757142351357944 1.4799999999999998 77.98751180465176 153.26886611836716 99.22303991194363 800.5830850168628 20.032489493156856 119.19230513402076 73.67088476412788 1983.451376859278 7.650794595E9
184.00393578938917 1.0757142351357944 1.4799999999999998 77.93462877374324 151.69553278300074 99.0694197747058 781.8348498137443 19.28704387593251 120.8401622339564 74.12669433762595 1984.8799334258667 7.650794595E9
185.00393578938912 1.013456424645901 1.4799999999999998 77.24273132957669 148.51386449831816 98.06041550767294 740.9873242497862 20.025499580567544 120.59640207062425 74.3316399061995 1890.0769974951832 7.650794595E9
186.00393578938906 1.013456424645901 1.4799999999999998 77.11765707032555 150.30688470258897 98.07556685038017 760.1965333206847 21.997686452916685 120.36065022904097 74.49366708148197 1834.225064277292 7.650794595E9
187.003935789389 1.1856264788557527 1.4799999999999998 76.87270943225488 151.08406181950124 97.92860640411644 778.1539689192606 21.459918955844103 122.87901170717456 74.37776444735631 1853.8459557420715 7.650794595E9
188.00393578938895 1.1856264788557527 1.4799999999999998 76.60783857486486 151.84663142558114 97.85465858329903 792.5617593205435 22.59847344998471 124.19674786286085 74.70291438791176 1822.107310989341 7.650794595E9
189.0039357893889 1.111907094176992 1.4799999999999998 76.70130695155069 152.10542558153145 97.8699228980059 796.7516972634292 22.65278081950393 124.88269129479067 74.5133901512173 1842.6667775373119 7.650794595E9
190.00393578938883 1.111907094176992 1.4799999999999998 76.7227312139134 153.649210406957 98.49741681757688 821.4234579656212 22.195127447806293 123.29000035547915 74.74264691287071 1826.748460358067 7.650794595E9
191.00393578938878 1.072188738975298 1.4799999999999998 77.33947400399795 155.2660163042072 98.68504633209753 824.3792151168317 20.733922379325502 122.17158156877333 74.48177876488133 1866.0746555752298 7.650794595E9
192.00393578938872 1.072188738975298 1.4799999999999998 77.25488468986828 157.12354841530234 99.34960050295129 854.1975013857758 20.92627964945055 121.96923178921604 75.44953139366417 1859.3266078681747 7.650794595E9
193.00393578938866 1.0962279585981167 1.4799999999999998 77.93630198052512 159.4430649849064 100.27907311402048 883.1801796202088 18.36432041565498 121.37122950105622 74.89689312316362 1919.9193319924443 7.650794595E9
194.0039357893886 1.0962279585981167 1.4799999999999998 78.74467711370488 162.0917587815901 100.89779326978254 904.1865840462831 18.773139822058084 122.66100146379264 75.64073775123927 1956.4734064294744 7.650794595E9
195.00393578938855 1.2832767938952652 1.4799999999999998 78.3025980621506 160.87823235206127 99.90219286439743 870.4866832507992 20.621720646839783 122.99623342286122 75.68473008795779 1909.9769761168002 7.650794595E9
196.0039357893885 1.2832767938952652 1.4799999999999998 77.75589898647536 159.0324696709123 99.44701427489008 858.2863186050436 19.298900324106523 122.24392745517002 74.81994716698992 1896.1521637661526 7.650794595E9
197.00393578938844 1.1922915067422037 1.4799999999999998 77.50030029478911 158.95718407160606 99.14439076159177 854.584280240138 19.006959415942276 122.49097831276704 74.99521888225753 1891.672705005033 7.650794595E9
198.00393578938838 1.1922915067422037 1.4799999999999998 77.45924773775198 158.43782515583732 99.20091846874539 854.2842633193679 17.943485589942586 122.50948933406312 74.71250866404289 1894.9389885469354 7.650794595E9
199.00393578938832 1.2001936004377631 1.4799999999999998 77.73119407978237 159.81118241922826 99.3688715002446 863.8118016017235 16.485943607032603 123.44237311202968 74.93744680211323 1922.9362530385952 7.650794595E9
200.00393578938827 1.2001936004377631 1.4799999999999998 77.69815480249372 161.7003573475129 99.43892994817791 882.6738165338005 16.711287666267395 124.40796714538007 74.95871376746736 1917.040229604658 7.650794595E9
201.0039357893882 1.1712690627360487 1.4799999999999998 77.9982668405255 161.4954843570722 99.99667034280961 883.0894281889869 13.648096739044359 124.2545312109974 74.58749926352714 1990.7620827863118 7.650794595E9
202.00393578938815 1.1712690627360487 1.4799999999999998 78.42343363827571 162.52986738559406 100.10204156570646 884.0170229403157 15.111435344858767 124.69086989483344 75.08127247480128 1965.7288005273351 7.650794595E9
203.0039357893881 1.187355364203729 1.4799999999999998 78.44509110576413 164.2845631370477 100.66637416070571 913.419056356593 13.495718847194274 125.40880559972986 74.89159556986988 2002.2960842058378 7.650794595E9
204.00393578938804 1.187355364203729 1.4799999999999998 79.04842459366142 166.0785840170666 100.99592500706636 923.4490499872993 13.588333546438946 126.55534438235622 75.37489797006987 1984.7184253166238 7.650794595E9
205.00393578938798 1.1117911401446277 1.4799999999999998 79.09294826031027 166.52791125874955 101.02914122224408 924.1722630699255 13.22513426741151 127.0971652717321 74.97106303640065 1998.5065319198927 7.650794595E9
206.00393578938792 1.1117911401446277 1.4799999999999998 78.96658456347824 166.12499682298522 100.6770979064937 905.5232350904155 14.422245013717154 127.09701490856283 75.42862112058447 2030.9667927403073 7.650794595E9
207.00393578938787 1.2282352486488495 1.4799999999999998 78.56918466116622 169.66117866561487 101.1629937784588 975.4058016275771 13.229310383177255 128.70481016143125 75.15591118461342 2063.748080392265 7.650794595E9
208.0039357893878 1.2282352486488495 1.4799999999999998 79.01344542041484 167.88016908955933 100.96559642460177 934.2251336720138 14.272554702728314 127.9963353473589 75.10812665553767 2071.192039128519 7.650794595E9
209.00393578938775 1.3051688304636169 1.4799999999999998 76.19903070632924 134.78528695821922 94.7905078478533 515.284639782148 14.290094009688918 126.66538202383784 73.58788317318012 2193.7096575351775 7.21489598E9
210.0039357893877 1.3051688304636169 1.4799999999999998 76.17421772355085 134.27619385490445 94.2380418144533 541.8165739357447 13.506515778037178 126.4054045287352 73.12913459638109 2205.391356859455 7.21489598E9
211.00393578938764 1.283182575664856 1.4799999999999998 75.73973602040901 134.95226132481037 94.34743078836809 563.9630217025724 14.240055618859051 126.29204388239948 72.77858919041934 2199.631611281741 7.21489598E9
212.00393578938758 1.283182575664856 1.4799999999999998 76.16464017985254 135.6872611102411 94.78613729099806 573.2554923491106 12.621669590264599 126.547834170233 72.94129449149017 2231.2096718592393 7.21489598E9
213.00393578938753 1.2972557614530391 1.4799999999999998 76.05178929186904 135.29494113405286 94.89190431466653 581.0333074905956 13.458928221846515 126.4762510880214 72.58592781723765 2232.9251370555994 7.21489598E9
214.00393578938747 1.2972557614530391 1.4799999999999998 75.99522316925471 135.7295899690587 94.73332826015566 574.0474008653711 12.493641981834928 126.57872171199531 72.70376598430263 2212.8099576735062 7.21489598E9
215.0039357893874 1.184680331958997 1.4799999999999998 75.69485857558733 136.58882246946357 94.37062380724127 579.9710069399908 11.146171354333855 126.57887299568259 72.50860091498672 2199.299247700894 7.21489598E9
216.00393578938736 1.184680331958997 1.4799999999999998 75.43003168857511 135.07296796390557 94.05919831558072 577.6949774533349 10.68689868501643 127.92577491538832 72.13377200859875 2250.5319074270465 7.21489598E9
217.0039357893873 1.2392648846271794 1.4799999999999998 75.33018704400217 135.4994121321873 93.8450955370646 571.6685129653506 11.305222512510833 129.00793059612658 72.43486339474582 2299.7724692773754 7.21489598E9
218.00393578938724 1.2392648846271794 1.4799999999999998 75.07607620270734 135.4217361244547 93.43886779180636 564.5952385081484 12.838896220923544 128.86875172503696 72.3216953762357 2283.400292364071 7.21489598E9
219.00393578938719 1.2767275761232082 1.4799999999999998 74.97422575578084 134.7748912774564 93.48826911199033 572.4819969501477 11.489149031769884 130.69445082644143 72.257338245182 2275.2148331905832 7.21489598E9
220.00393578938713 1.2767275761232082 1.4799999999999998 75.18680138514563 135.90472561466848 93.66317084537842 572.6268539467059 14.087543534560231 129.18313188216476 72.46832677381181 2232.3833329869553 7.21489598E9
221.00393578938707 1.4958269481521316 1.4799999999999998 75.12911112984689 135.1471191962305 93.58750483436621 563.4819015594989 11.944524420223413 129.54278266580724 72.60658044829317 2304.7465820594243 7.21489598E9
222.00393578938701 1.4958269481521316 1.4799999999999998 74.99626609166432 136.91814269583165 93.6901578897836 580.7363171163703 10.960155267806632 130.36462944858894 72.57578245110051 2347.3162392589043 7.21489598E9
223.00393578938696 1.3234043248843985 1.4799999999999998 74.98296072590217 135.15316933149643 93.42914755773532 565.7246868687499 10.217703252219602 130.43934627686858 72.1209910413933 2336.6320778369113 7.21489598E9
224.0039357893869 1.3234043248843985 1.4799999999999998 75.07748730230014 135.96092598672698 93.7273880757025 580.6855812697117 10.616653717970552 131.20477800615598 72.47172553054969 2378.288358934794 7.21489598E9
225.00393578938684 1.2655287743153387 1.4799999999999998 74.92513690193465 137.1156133316021 93.90255179549038 601.2914993944836 11.809177730550685 133.4507132815177 72.98590172690206 2344.236843934039 7.21489598E9
226.0039357893868 1.2655287743153387 1.4799999999999998 74.95764905406439 135.3273000599582 93.8485075422574 582.1626331533373 13.528915078851071 134.7571919927862 72.75600719099401 2373.3717172871993 7.21489598E9
227.00393578938673 1.3267144011931098 1.4799999999999998 75.28638067193401 135.6039000205595 94.01513440951092 578.2915312861702 12.542262734417346 135.5251432724095 72.5755572395856 2413.6651719255665 7.21489598E9
228.00393578938667 1.3267144011931098 1.4799999999999998 75.54056910709478 137.8025791175444 94.65308880862176 605.5451212599479 11.921156714737357 136.80749061812648 73.0272685130078 2395.359206201324 7.21489598E9
229.00393578938662 1.3084900266176476 1.4799999999999998 75.56451119463796 134.83385564157135 94.25527526872388 576.7509901067795 12.363056078109665 137.3254977240927 73.13368726495212 2427.224279867216 7.21489598E9
230.00393578938656 1.3084900266176476 1.4799999999999998 75.35568689170125 133.1976869690455 93.92866929803 565.3909558941357 13.787954941833249 138.06927242272144 73.18959538968568 2438.533229405535 7.21489598E9
231.0039357893865 1.37321752601637 1.4799999999999998 75.35030021881552 132.45727303056668 93.76534038364176 557.8856182799914 13.116611003030451 136.58544639118716 73.06794092571123 2460.3556755061586 7.21489598E9
232.00393578938645 1.37321752601637 1.4799999999999998 75.52686031388858 134.87410484246095 94.47084251414633 590.1959075374048 13.913746257440943 136.53528094332722 73.32003366931677 2447.2629169368456 7.21489598E9
233.0039357893864 1.299853369114335 1.4799999999999998 76.08512158892404 135.3196394070547 95.16706712298492 592.5994919896652 13.73244311851495 136.59675531906868 73.74152809623017 2438.8336333299835 7.21489598E9
234.00393578938633 1.299853369114335 1.4799999999999998 76.35498260447122 135.80111404220895 95.56623565005178 600.2783986736212 12.89474985441438 136.37051273820526 73.38850095160888 2483.674726504528 7.21489598E9
235.00393578938628 1.4352413384217682 1.4799999999999998 76.5894051589776 136.69349779073934 95.9160797758069 608.9534318571382 13.955241221625968 136.35711780646352 74.1946436293122 2474.066764755402 7.21489598E9
236.00393578938622 1.4352413384217682 1.4799999999999998 76.70474313579939 137.9748473594588 96.20724418152373 619.8225344403628 12.151242128193305 135.7983869093565 73.97098052777336 2492.1939472143263 7.21489598E9
237.00393578938616 1.466274317046847 1.4799999999999998 76.776414815895 136.8595476209106 96.16810775766027 612.7976906228216 12.167215980082906 136.1415258264618 73.68662484160177 2479.0803080089845 7.21489598E9
238.0039357893861 1.466274317046847 1.4799999999999998 76.65029964619868 134.45675298630158 95.70550492656267 591.7162307655362 11.94164157027041 136.258099826898 73.1986348211791 2538.1597128977737 7.21489598E9
239.00393578938605 1.2846503299833536 1.4799999999999998 76.99376776193861 139.22437192583493 98.26683974319232 639.94050757855 13.083389759534308 137.77294488563547 73.76733087834693 2438.2621748446086 6.950109972E9
240.003935789386 1.2846503299833536 1.4799999999999998 79.24952316002724 137.1078818777813 99.00573552084799 625.5954523681659 12.576978671665458 137.90103436494033 73.99088482528083 2408.2273871387292 6.950109972E9
241.00393578938593 1.5051813473727482 1.4799999999999998 79.75422371624353 136.06415728122002 99.16712766381492 603.0174048663993 14.49563725801344 138.55703830304586 74.03900674034634 2411.323359209213 6.950109972E9
242.00393578938588 1.5051813473727482 1.4799999999999998 80.042611029073 135.46218893357525 99.42044087953045 612.6907566025519 15.97418018119611 139.09177453428842 74.50888147903132 2374.8425838735184 6.950109972E9
243.00393578938582 1.532323042550371 1.4799999999999998 80.18216806951047 137.60322216485253 99.68651196289377 622.0389032535638 16.619129878779226 138.82942350293814 74.45238285770144 2361.580512761291 6.950109972E9
244.00393578938576 1.532323042550371 1.4799999999999998 80.54597542770279 140.1941732374994 100.4730392869171 640.6069918730883 17.143721509915974 138.77960444897457 74.6540867565701 2373.139947898104 6.950109972E9
245.0039357893857 1.4396611127197914 1.4799999999999998 80.94521468140015 140.40967009031868 100.67840802443737 633.8267277074714 16.35225825968824 139.92346773958903 74.6719983285844 2440.766721298795 6.950109972E9
246.00393578938565 1.4396611127197914 1.4799999999999998 80.66330894949326 141.75741511999382 100.66699095273864 640.690930358659 16.903760679888503 139.65623912623877 75.11954486303227 2434.231685730687 6.950109972E9
247.0039357893856 1.468940757255722 1.4799999999999998 80.74258528493104 139.70058713328052 100.38427411845807 632.9373056666739 15.630923545070214 140.54057621515827 74.71866108093498 2432.755611405815 6.950109972E9
248.00393578938554 1.468940757255722 1.4799999999999998 80.65850704255048 141.5957090396417 100.45487319984694 647.4365421336922 17.648056146834428 140.03664314722943 75.30528834200085 2416.9368902103943 6.950109972E9
249.00393578938548 1.2773635794395046 1.4799999999999998 80.88301942311224 140.00475951926467 100.40649198310663 625.7301482138868 16.685904670158603 140.81700165616832 75.4519845096565 2418.38671991864 6.950109972E9
250.00393578938542 1.2773635794395046 1.4799999999999998 80.84778693687183 139.98430722126807 100.2323778232181 616.5410806692036 13.796685875723295 140.62212339090829 74.9854520234315 2456.8087617271062 6.950109972E9
251.00393578938537 1.3788527565035245 1.4799999999999998 80.63185388612092 140.18112907100416 100.05716938940773 609.4471895399266 14.711562260872475 139.8312083878875 74.89907174737831 2442.248579025423 6.950109972E9
252.0039357893853 1.3788527565035245 1.4799999999999998 81.0620964393809 141.08335779805975 100.83011641283923 639.8071169321615 12.733015448425808 140.10652063769595 74.7945082799711 2486.3313523266834 6.950109972E9
253.00393578938525 1.4447407743631273 1.4799999999999998 81.27807237537745 141.89431757125965 100.96091219141213 637.5273306002517 11.915561546514482 140.5611458225741 74.9126010633233 2522.510355451056 6.950109972E9
254.0039357893852 1.4447407743631273 1.4799999999999998 81.81727466183018 143.82572896960053 101.39465405155995 637.9431667352233 10.827923235077074 139.6882305242096 75.01767755424797 2541.936280803032 6.950109972E9
255.00393578938514 1.5079716727136105 1.4799999999999998 81.89640612995639 145.2539794831938 101.91513650895224 660.5207400688791 10.87041884510689 140.09213944634305 75.03338436584957 2549.0594296007807 6.950109972E9
256.0039357893851 1.5079716727136105 1.4799999999999998 81.93273237091242 143.86815692363786 101.76450798524814 649.0049246480527 9.884520098706625 140.74930557087313 75.09496210551305 2561.1514568206003 6.950109972E9
257.0039357893859 1.447766598897826 1.4799999999999998 82.03367665688262 141.88027011812378 101.87708724933893 636.9299835441758 10.342394106140242 140.68657346809806 74.7640935245755 2593.373394195813 6.950109972E9
258.0039357893867 1.447766598897826 1.4799999999999998 82.67422671895122 142.1428196664296 102.74353217265242 652.029357846771 10.945219202558423 139.65221187197878 74.92793643906192 2655.3708790941682 6.950109972E9
259.00393578938747 1.3650927070277676 1.4799999999999998 83.08963243361258 142.85081868279943 103.0780699005167 650.4413355193915 10.576491807945335 139.0089764697058 75.20239180048176 2663.4568936582236 6.950109972E9
260.00393578938827 1.3650927070277676 1.4799999999999998 83.27713594080994 142.36646865498116 103.14005264990806 639.719736185952 9.006821338413683 137.53250816619294 74.78760238433799 2699.6160969440443 6.950109972E9
261.00393578938906 1.4096789946303692 1.4799999999999998 83.13811899071376 141.48885834858734 102.8022923576383 623.4601046799924 9.056686605482785 137.1717977803977 74.78998402402418 2688.1992449832533 6.950109972E9
262.00393578938986 1.4096789946303692 1.4799999999999998 82.97273600832949 141.97127095380543 102.85821216809214 637.4767925543713 10.05514107489388 137.61991963500958 74.94721927277571 2651.4152092209347 6.950109972E9
263.00393578939065 1.4776309560361272 1.4799999999999998 83.35143637973066 142.46798966137985 103.59710291533801 661.4388966271703 11.743166751162084 137.56153759531202 75.01775219558057 2647.2056445156218 6.950109972E9
264.00393578939145 1.4776309560361272 1.4799999999999998 83.44063748315928 143.73396167679152 103.96097056238872 668.1809014835811 9.713364941536247 137.7987769465893 75.01609015080501 2680.718730880517 6.950109972E9
265.00393578939224 1.483296332335813 1.4799999999999998 83.84653565195339 141.65818182047374 103.61447478150656 629.1158347580972 8.84627307531689 139.31315862703954 74.90065015512333 2739.6515664899857 6.950109972E9
266.00393578939304 1.483296332335813 1.4799999999999998 83.9190865722233 143.09558626033225 104.26456459796978 662.7684485970371 9.289729199905047 139.4118700106244 74.8173016929458 2674.004204453571 6.950109972E9
267.00393578939384 1.5009184088499954 1.4799999999999998 84.02280130905503 142.19626958197838 104.21626782740695 652.2218057644801 10.787981455094167 138.88562445269483 75.18257907998537 2700.1841230986697 6.950109972E9
268.00393578939463 1.5009184088499954 1.4799999999999998 83.79466050704556 142.04295588476296 103.89567393853216 649.9388308250703 8.552590776497912 137.42469873883127 74.97546333534646 2628.247306406498 6.950109972E9
269.0039357893954 1.448818975139208 1.4799999999999998 83.27070228426227 144.75063917712825 105.004203275272 735.3559303257292 0.0 136.61082602170612 73.36100579447992 2821.6632533159586 7.092545552E9
270.0039357893962 1.448818975139208 1.4799999999999998 82.97743469126613 144.80003633839087 104.74445658160307 744.0847550445417 0.0 137.21731915857725 73.32957529076383 2860.423782840254 7.092545552E9
271.003935789397 1.4180781388562467 1.4799999999999998 83.12070261533735 145.85869743825288 105.40728988221893 771.9170503776782 0.0 138.46458447515403 73.59251294423623 2922.9272549596217 7.092545552E9
272.0039357893978 1.4180781388562467 1.4799999999999998 83.76853917527178 148.1977738058318 105.55043568625396 764.0878101396934 0.0 138.6771292372908 73.9040180009499 2889.2558375878093 7.092545552E9
273.0039357893986 1.3712920717974675 1.4799999999999998 83.54229129291944 148.54072142894003 105.51128447512168 770.1873730846148 0.0 138.7363232150105 73.83087319263177 2884.276825327427 7.092545552E9
274.0039357893994 1.3712920717974675 1.4799999999999998 83.72623618794825 149.69479577226846 105.66889338600993 772.1126409562455 0.0 140.82134101500216 74.02283301932918 2923.1566808005987 7.092545552E9
275.0039357894002 1.4559777132582346 1.4799999999999998 83.73291585591735 148.56650083216675 105.83754816041935 778.1276419398822 0.0 140.89785627156027 73.99807575357843 2944.353389906608 7.092545552E9
276.003935789401 1.4559777132582346 1.4799999999999998 83.66465699341093 149.58963554083658 105.94115984701125 796.178782036867 0.0 140.55697444912212 74.38920396014402 2964.353473733781 7.092545552E9
277.0039357894018 1.388411341667675 1.4799999999999998 83.77941276497752 149.5969779536892 106.13401925834141 800.9001107355018 0.0 142.0465429646289 74.88959497848536 2991.571239728808 7.092545552E9
278.0039357894026 1.388411341667675 1.4799999999999998 83.55476215191842 149.31037424062063 105.85416300834939 786.354947180272 0.0 141.71155223637805 75.32739914996303 2940.9320378286484 7.092545552E9
279.0039357894034 1.463576619332872 1.4799999999999998 83.56661889259063 147.89068176840533 105.59463317792924 778.1933712046889 0.0 142.63915419473295 75.23785429119178 2912.477868108295 7.092545552E9
280.0039357894042 1.463576619332872 1.4799999999999998 83.65492300239701 147.67050920450632 105.89289664452589 779.7033613567596 0.0 143.05356214768761 74.91981652082099 2960.4430970548 7.092545552E9
281.003935789405 1.388321701064951 1.4799999999999998 83.95866638053901 146.65031905132372 106.10108852935542 780.4426515156433 0.0 142.3355438427136 74.79876877514924 2946.492366871223 7.092545552E9
282.0039357894058 1.388321701064951 1.4799999999999998 83.72220411626867 145.18481170139307 105.79333688818485 764.9140737048521 0.0 142.93269314684926 75.18753009150532 2938.712418570986 7.092545552E9
283.00393578940657 1.5459911219747895 1.4799999999999998 83.57586860882594 144.8978591137474 105.66986786970611 767.3746443968049 0.0 143.23765976536907 75.16902425184884 2951.3780171465605 7.092545552E9
284.00393578940736 1.5459911219747895 1.4799999999999998 83.79723499634417 146.89798005956808 106.27296947260686 801.6162731643284 0.0 142.5896472436482 75.02189877166514 2943.5160948072994 7.092545552E9
285.00393578940816 1.4297576464015664 1.4799999999999998 84.14520824220301 146.17350689732595 106.7264367196362 807.6997791385669 0.0 141.78536175946732 74.5496466259775 2987.2352483092513 7.092545552E9
286.00393578940896 1.4297576464015664 1.4799999999999998 83.54682315792321 144.29383555411508 105.74514860103332 771.2184903857661 0.0 141.72640125993377 74.28062423314688 2987.6612220020284 7.092545552E9
287.00393578940975 1.4063924399040721 1.4799999999999998 83.65244570391614 143.4786633888378 105.68700085024345 779.4353428562316 0.0 142.174755007487 74.1205145118021 2980.873385371521 7.092545552E9
288.00393578941055 1.4063924399040721 1.4799999999999998 83.32434204140947 142.4180818742809 105.12565982626118 756.2406643433683 0.0 140.49157605014912 74.08394764691917 2950.8732101592354 7.092545552E9
289.00393578941134 1.5107919459866381 1.4799999999999998 83.07317402365882 143.66294800445593 105.20109376242394 771.266405512762 0.0 142.18125759621762 73.78759334924557 2927.700018569572 7.092545552E9
290.00393578941214 1.5107919459866381 1.4799999999999998 83.40836641466139 143.36726420290395 105.21448615066846 762.3277618154575 0.0 141.8014087589144 73.89676042068206 2979.31021133311 7.092545552E9
291.00393578941294 1.4871374574759983 1.4799999999999998 82.84374873703541 141.92509835371362 104.72995658661225 741.2486847266017 0.0 142.0055291926701 74.08624378822525 2998.0310789951127 7.092545552E9
292.00393578941373 1.4871374574759983 1.4799999999999998 82.8803641518433 142.6683305046569 104.79769915815552 745.8025131537868 0.0 143.2391263158976 74.74265206766886 3022.7383324916977 7.092545552E9
293.0039357894145 1.4434619926156775 1.4799999999999998 83.32955727485233 142.21072433083424 105.28187544447646 746.1818660767973 0.0 143.77518680545123 74.2765773285686 3068.0957271278908 7.092545552E9
294.0039357894153 1.4434619926156775 1.4799999999999998 83.66218966030652 144.247825750753 105.54038472398969 755.5650833312161 0.0 144.20553099768807 74.85668779480986 3074.183009091112 7.092545552E9
295.0039357894161 1.4958956635132497 1.4799999999999998 83.77643771262426 146.02613421315363 105.99683321558807 779.89845654427 0.0 142.90094466117557 74.80005798830351 2993.705209700811 7.092545552E9
296.0039357894169 1.4958956635132497 1.4799999999999998 83.61473443344488 145.44699544630993 105.61983711869411 770.0561201804695 0.0 145.0900598634394 74.82799464571085 3018.971920369745 7.092545552E9
297.0039357894177 1.228464546938195 1.4799999999999998 83.48299361896618 145.32035117211828 105.51628965624653 771.3704296364346 0.0 143.97853723294287 74.45264209375092 3036.9911015714397 7.092545552E9
298.0039357894185 1.228464546938195 1.4799999999999998 83.37109597792602 142.52343232567213 105.06064729670038 744.3243480076305 0.0 145.59356998147402 74.6070817762808 3082.581149758896 7.092545552E9
299.0039357894193 1.3269884963834992 1.4799999999999998 82.85255333689572 152.8721641555766 106.77143872529413 924.6208921104272 11.178603455743637 147.09042325305714 79.10679563877855 2467.216308471154 7.037880295E9
300.0039357894201 1.3269884963834992 1.4799999999999998 82.7574549256737 150.87556372229335 106.88226365229998 947.5784497836723 12.899816284750898 145.86391695297172 79.1320552522466 2395.4416855034856 7.037880295E9
301.0039357894209 1.357624472445251 1.4799999999999998 82.77715631361012 149.71626589239642 106.5959097091124 917.3547871826108 9.673389785718532 146.44386070374054 78.85091132050437 2407.8884104402346 7.037880295E9
302.0039357894217 1.357624472445251 1.4799999999999998 81.78592425961058 147.07693100109913 105.32211495086736 871.1509441085477 8.492773992710905 147.74925433608246 78.44266520595143 2474.5134597606693 7.037880295E9
303.0039357894225 1.4615473411687212 1.4799999999999998 81.28159704038944 144.35613436031656 104.44149546752452 867.1327809412401 7.435499028745944 148.32394470060333 77.92244389206935 2493.5084124996233 7.037880295E9
304.0039357894233 1.4615473411687212 1.4799999999999998 80.92722853880473 146.24120018951916 104.4795701481634 901.0574115053018 4.162913155511626 148.5513470706477 77.74837368622853 2551.1433004925602 7.037880295E9
305.0039357894241 1.3560946846892123 1.4799999999999998 81.29921985128858 146.86903365192413 104.62299842488302 890.966839116047 3.709671191923217 148.09949716714294 77.42707208942738 2580.2217971679593 7.037880295E9
306.0039357894249 1.3560946846892123 1.4799999999999998 81.01397644794581 146.47821182683217 104.02934387168055 869.1914837959855 5.373391208474388 147.63288342408572 77.38204665897318 2584.4046935781957 7.037880295E9
307.00393578942567 1.156393490524357 1.4799999999999998 80.99821443347709 146.76703964353206 103.7005572730061 844.7785441925887 4.043363130258059 147.59132869391584 77.13593361974316 2679.7111211751576 7.037880295E9
308.00393578942646 1.156393490524357 1.4799999999999998 80.86639497651409 149.24148060828952 103.81492512285297 870.7384153710794 3.2208139168665695 148.03440845558345 77.46882297995387 2719.356963086003 7.037880295E9
309.00393578942726 1.3918859495144615 1.4799999999999998 80.1831365150032 147.8773237751805 103.33094691416647 862.9885204622419 3.81925724839128 147.94690107822288 77.9512218126978 2661.690849430167 7.037880295E9
310.00393578942806 1.3918859495144615 1.4799999999999998 80.12034107294004 145.3542040920323 103.09663876586595 873.1563985757657 3.993371035890088 148.7679695949151 77.94156636755878 2617.4232624898277 7.037880295E9
311.00393578942885 1.4646453773820611 1.4799999999999998 80.07306600788478 147.13413666851497 103.02682811452203 863.3830986319463 3.8776088836627083 149.81929307931256 78.6533613174165 2670.228591935156 7.037880295E9
312.00393578942965 1.4646453773820611 1.4799999999999998 80.2729886592802 148.43869211917195 103.42896649547684 891.1898557382024 5.585036122755467 149.5860461947745 79.51645419007836 2591.351895293006 7.037880295E9
313.00393578943044 1.1553566872424914 1.4799999999999998 80.37852727985984 149.0627300416457 103.71548132225058 898.6981419155644 8.399355851512368 150.61830273727813 80.1512039606671 2554.3283065925134 7.037880295E9
314.00393578943124 1.1553566872424914 1.4799999999999998 80.73728044019528 152.99815604498713 104.30201207121821 921.1652155224981 8.91209167874069 150.75525593377492 80.18935570746999 2607.7237487143893 7.037880295E9
315.00393578943203 1.3292491354337974 1.4799999999999998 81.23249423641778 151.86332460737128 104.59757908064523 915.5109276401826 8.845508443060046 150.91261722859076 80.03894231708847 2583.294385482009 7.037880295E9
316.00393578943283 1.3292491354337974 1.4799999999999998 81.35957193305195 152.83531585157962 104.7494390002582 913.9144516818124 8.438517478192894 150.05381269006847 79.51127704737475 2658.671310489962 7.037880295E9
317.0039357894336 1.2353382928615901 1.4799999999999998 81.18242900112267 151.89667875831435 104.51435566158729 898.9867861634903 6.174165875211711 150.85524670189818 79.10723207874175 2705.552489635862 7.037880295E9
318.0039357894344 1.2353382928615901 1.4799999999999998 81.28670078254288 153.4471521777331 104.68597593530276 904.7092579806277 5.635262167701677 150.88643233784893 79.0254503176387 2790.1163595188173 7.037880295E9
319.0039357894352 1.4622524248096314 1.4799999999999998 81.59254487623164 152.37645211333006 104.84893470634165 901.9980775395396 7.570999142413544 152.04743481523616 79.46851598316204 2745.110566470981 7.037880295E9
320.003935789436 1.4622524248096314 1.4799999999999998 81.55064994153494 152.00777057404483 104.63383110815619 894.2335339549571 6.542843814564672 151.99749679009008 79.20678162189074 2758.953468605821 7.037880295E9
321.0039357894368 1.2881365765915829 1.4799999999999998 81.42174463794022 149.89346193207962 103.9062942576156 853.0826853981965 4.321934119017037 152.86254953825483 78.72836200937851 2880.4602535699964 7.037880295E9
322.0039357894376 1.2881365765915829 1.4799999999999998 81.02987370768275 149.95933656840134 103.77001306135419 864.9208859334212 6.4924093763451465 153.03988545980525 78.73924553880815 2843.5321246568274 7.037880295E9
323.0039357894384 1.2456060034443748 1.4799999999999998 80.68089192907536 151.52965583883258 103.72153126058862 887.0914819538536 10.28934229505975 153.60609504309167 79.0866194607879 2807.6401930734523 7.037880295E9
324.0039357894392 1.2456060034443748 1.4799999999999998 80.78542588415256 152.32309567351734 104.38080858721145 907.5210817675412 9.977625324511806 153.44646859433934 79.42782731935685 2791.4156567694467 7.037880295E9
325.00393578944 1.1497127894907075 1.4799999999999998 80.9282761807902 153.22581295990912 104.04085191097164 895.1544084883886 6.601837513797166 154.29317948141912 79.04953194353281 2911.0981905187414 7.037880295E9
326.0039357894408 1.1497127894907075 1.4799999999999998 81.11569736432577 154.36119521122367 104.52471034332235 927.8037882736403 7.5443916847836885 153.32554886479747 79.19336381764117 2838.812175167588 7.037880295E9
327.0039357894416 1.3213370741282109 1.4799999999999998 81.16503132599647 153.99734925851007 104.54627767399502 923.4463585906263 7.835984174513214 153.65228955287517 79.25355961168012 2863.873554722739 7.037880295E9
328.0039357894424 1.3213370741282109 1.4799999999999998 81.65524625983542 153.50292409454744 104.88361358440086 916.1501701533396 11.050006628761725 154.3899486623341 79.51415639531207 2794.993875058965 7.037880295E9
329.0039357894432 1.1647931623283176 1.4799999999999998 81.9302688926025 139.12565592967388 98.34544303916147 601.1534123115756 10.91617057885462 153.037256547327 88.64104505015361 2510.412522205215 6.893722082E9
330.003935789444 1.1647931623283176 1.4799999999999998 82.80227228882839 139.5151202844738 103.90607146166381 711.8637601994768 10.727154563050515 152.83755876820197 78.11807134122033 2722.572465154338 6.893722082E9
331.00393578944477 1.2927690801203058 1.4799999999999998 82.5162474516787 139.74463699601372 103.48123662374131 702.1145739764698 11.554107439373604 152.21757561136383 78.47342311153966 2681.8761824346852 6.893722082E9
332.00393578944556 1.2927690801203058 1.4799999999999998 82.53160996491309 141.3840360425329 104.1877359901952 724.4579533676493 11.475694600049247 152.92097615293218 78.8021339555613 2701.307488047963 6.893722082E9
333.00393578944636 1.2404474969246162 1.4799999999999998 83.0340355289074 143.0708630218721 104.63016693869129 733.8477626348235 10.533267887423953 153.78413130172984 78.91280204994983 2771.362211067234 6.893722082E9
334.00393578944716 1.2404474969246162 1.4799999999999998 83.21557108892758 143.48225649692347 104.64006337483286 731.2494460773046 10.960904022049807 154.65677479077348 79.39354901042097 2769.103878211421 6.893722082E9
335.00393578944795 1.2314611177527588 1.4799999999999998 83.10459853142049 142.05353186675845 104.60167284477869 726.8749041977937 11.155148069939296 153.59293160589493 79.52798396267491 2794.1364482157223 6.893722082E9
336.00393578944875 1.2314611177527588 1.4799999999999998 82.88824150205049 140.77800285180234 104.04342402402116 707.7581599021688 10.167078632172192 151.75693497051012 78.65491774463118 2791.4414688324573 6.893722082E9
337.00393578944954 1.165720481647174 1.4799999999999998 82.56562188707582 141.63759329622576 103.86569311405673 726.3544343311654 9.45500008079998 151.72316804228808 78.6868749001512 2781.5035540149743 6.893722082E9
338.00393578945034 1.165720481647174 1.4799999999999998 82.6690182906206 140.41233355676573 103.91411071919109 721.7977446079645 11.245074308334306 153.0360545728735 78.89723902201796 2851.146131881899 6.893722082E9
339.00393578945113 1.110383945225727 1.4799999999999998 82.48686936474819 140.16286816212929 103.51485809865113 708.1465453100074 9.017747817499032 154.3268988291125 79.06230827090228 2847.795390659411 6.893722082E9
340.00393578945193 1.110383945225727 1.4799999999999998 82.66609193968662 138.32640031071352 103.78049613660517 695.9416735616853 9.810772024762372 155.42498372841737 78.80060271313938 2939.590372956978 6.893722082E9
341.0039357894527 1.0726485735180848 1.4799999999999998 83.05171985564613 140.31953450468617 104.063700886997 694.186326127528 10.322645510622241 154.9458912842744 78.95312727198313 2942.492232710045 6.893722082E9
342.0039357894535 1.0726485735180848 1.4799999999999998 83.38972110715395 139.96147933520956 104.44559928057109 695.5626833227501 11.449329728225106 156.00327460268107 79.0308822775922 3001.599720228431 6.893722082E9
343.0039357894543 1.0891449655050216 1.4799999999999998 83.51932117210265 140.90424515939978 104.75143046275359 711.1599641987663 11.945668232853823 156.51324612609295 79.2125837494747 2995.6992874305747 6.893722082E9
344.0039357894551 1.0891449655050216 1.4799999999999998 83.57142608076792 139.96603996241262 104.58039852167863 698.2665002096977 11.391146866514934 155.58626880044218 79.58467414890714 2935.464882778703 6.893722082E9
345.0039357894559 1.1715185142094917 1.4799999999999998 83.36473083894766 141.5915079565832 104.70396573284125 716.4704190181802 10.511919816996086 155.35654496661252 79.64074558864905 2888.9941748124043 6.893722082E9
346.0039357894567 1.1715185142094917 1.4799999999999998 83.70621633008636 143.37912777850332 105.03763017872126 730.1974872812929 8.835739945827882 156.30210123647961 79.64949959077515 2911.550088759576 6.893722082E9
347.0039357894575 1.1907634865674774 1.4799999999999998 83.39811712442865 142.21697952848484 104.77048603803732 719.0308596431255 10.106782024584735 155.61632076949164 80.11353789038036 2876.951665637624 6.893722082E9
348.0039357894583 1.1907634865674774 1.4799999999999998 83.41246795091699 142.83869816763107 104.86650944018776 734.7421795102659 10.643941549256331 156.86271025622128 80.39066808625061 2842.5147919827496 6.893722082E9
349.0039357894591 0.9690855068414711 1.4799999999999998 83.5831798196843 145.5856686692565 105.78113052158135 781.9691165615664 13.429276430037845 157.2945236772156 80.72873154268073 2792.0800705698043 6.893722082E9
350.0039357894599 0.9690855068414711 1.4799999999999998 83.79519683368257 145.8623748183028 106.07346549682894 794.9602961225411 14.081277078678102 157.42468811601248 81.42977962554254 2800.283003266701 6.893722082E9
351.0039357894607 1.157273235584545 1.4799999999999998 83.92215709069586 147.71572672954926 106.43367641666167 793.43173455767 12.460619149696987 159.05331050544072 82.02315822672125 2828.901367786928 6.893722082E9
352.0039357894615 1.157273235584545 1.4799999999999998 84.20109793421348 144.5717628779668 106.07759848116292 763.6570368667858 11.638724974612165 158.56108272809018 81.43647681224657 2935.2183413703056 6.893722082E9
353.0039357894623 1.0786157969461174 1.4799999999999998 84.2566860957491 144.67214691934794 105.97935295493032 758.8702120564952 11.2513717865076 157.32133613963452 81.50131344625963 2972.2403172521244 6.893722082E9
354.00393578946307 1.0786157969461174 1.4799999999999998 84.25796341538968 145.5968788628719 106.21763071719162 769.6841361075736 11.398601461030013 158.7564221018883 81.48435320505654 2992.309990808542 6.893722082E9
355.00393578946387 0.9540173710958364 1.4799999999999998 84.38348614235598 147.37033123501868 106.62745929918312 801.6877366440324 13.209522654791815 158.3931428314598 82.30763567959016 2919.359399387651 6.893722082E9
356.00393578946466 0.9540173710958364 1.4799999999999998 84.58596412931105 149.8987418605524 107.18772860379391 832.8218575375148 15.16941089459072 158.2240064318558 82.68948779833693 2840.940956130325 6.893722082E9
357.00393578946546 0.9925542500829861 1.4799999999999998 84.51478998669548 151.34377986179672 107.14486394095776 834.6163527503398 13.9573007516482 158.7050679137079 83.19008514241864 2812.1378790394465 6.893722082E9
358.00393578946625 0.9925542500829861 1.4799999999999998 84.8205544406806 151.27451824743437 107.86706476586008 852.580663306969 15.05933604471402 158.98928071662652 83.67827038619032 2813.2448697422815 6.893722082E9
359.00393578946705 1.0674103184469521 1.4799999999999998 85.10648064059197 158.88131396418476 108.13459976006592 894.5493228985987 18.348053115536867 161.5871345154113 83.11822197667536 2605.498241178238 6.179639172E9
360.00393578946785 1.0674103184469521 1.4799999999999998 85.2677952125248 159.152671308786 108.30458832033176 879.4203235564302 19.91267238233172 162.80397748830262 83.2246182997953 2701.7835000030655 6.179639172E9
361.00393578946864 1.1139139622284848 1.4799999999999998 84.95334387116664 158.21418320063853 108.2481935993718 885.469762899117 17.92218758003784 163.33760422204696 83.40540891586637 2715.137602936503 6.179639172E9
362.00393578946944 1.1139139622284848 1.4799999999999998 84.39976117460768 154.57817166510677 107.44061345317573 859.8717241227579 18.918323614586086 161.67101522847764 82.8205902797023 2702.571499283686 6.179639172E9
363.00393578947023 0.9869414393341249 1.4799999999999998 84.64663574039034 154.9119430789293 107.30867301488793 844.6224060808648 20.125530388865407 161.13196993873623 82.77457838133279 2656.224634423578 6.179639172E9
364.00393578947103 0.9869414393341249 1.4799999999999998 84.99015933383205 156.68548428293886 107.68237033120532 863.8133605854676 20.335117911241653 160.13090680613283 83.01397299452685 2605.8457173948227 6.179639172E9
365.0039357894718 1.1257855253629254 1.4799999999999998 85.27107360769794 158.3090742335671 108.20178717585264 882.0895423765625 20.58367135188974 158.49885465827992 82.95612262442638 2604.3881232953645 6.179639172E9
366.0039357894726 1.1257855253629254 1.4799999999999998 85.4573960032565 157.66409470969108 108.46858091028226 879.6842884853107 20.958027674943793 158.56566059345943 82.72813479110263 2607.5621556645306 6.179639172E9
367.0039357894734 1.0919737227637343 1.4799999999999998 85.63833437316923 159.61149300272584 108.76481192935695 891.8287592015633 19.03345350393668 157.5373369816238 82.01102294647255 2657.9494470711015 6.179639172E9
368.0039357894742 1.0919737227637343 1.4799999999999998 85.77816876723946 156.48031281351984 108.52000407158909 860.8316957865936 18.54586661596023 157.05721745903944 81.94614174144567 2653.5375217622277 6.179639172E9
369.003935789475 1.005113622658223 1.4799999999999998 85.93714795546033 157.23111482966067 108.8351370502609 867.538751711852 17.193516035631372 156.36319255956323 82.02579402695727 2599.906609360572 6.179639172E9
370.0039357894758 1.005113622658223 1.4799999999999998 86.12408975988885 159.090988062846 109.1505707382091 889.275365796932 18.825089318715623 156.58916687990376 82.67905777596549 2525.2594935215807 6.179639172E9
371.0039357894766 1.0019865284173657 1.4799999999999998 86.03637446756463 160.9410596397174 109.3119747988238 902.2354982776188 18.452646754550663 157.0257673547385 82.51495997754931 2536.5536175979364 6.179639172E9
372.0039357894774 1.0019865284173657 1.4799999999999998 85.88026595300794 158.62202841085664 108.76162208868588 875.6046639525503 18.04815020071225 159.343450991265 82.56287857712545 2562.1203038601147 6.179639172E9
373.0039357894782 1.0057011689484006 1.4799999999999998 85.47177872251672 158.70221791117058 108.7604830749578 890.6426205704113 18.119515191396168 158.46015533079367 82.0776292387231 2558.4496599072554 6.179639172E9
374.003935789479 1.0057011689484006 1.4799999999999998 86.14119204779008 160.0605635413148 109.44355328184001 902.0902250930462 17.621722475083704 157.62959705757333 82.28067650914022 2559.610043958655 6.179639172E9
375.0039357894798 1.0072469902868137 1.4799999999999998 86.35096314540289 162.05416137688817 109.8162580570074 929.7222451594345 18.250052068185763 155.78774774934777 82.20539011169531 2512.0347699237955 6.179639172E9
376.0039357894806 1.0072469902868137 1.4799999999999998 86.05051416086494 161.29337332175456 109.35346258054314 912.4215700708161 16.622956817219006 155.58714403286407 81.99730626889574 2529.5512612569005 6.179639172E9
377.0039357894814 0.9643011453130034 1.4799999999999998 85.84246794980793 160.6722787257533 108.90313208556707 902.0214143639535 17.406618139795718 155.55398870962253 82.19747682927817 2486.2617492150343 6.179639172E9
378.00393578948217 0.9643011453130034 1.4799999999999998 85.82737956401294 161.37054157668223 109.00398760139215 909.5760592448111 16.521856628298067 155.32492448324356 82.08899523030342 2474.536147069477 6.179639172E9
379.00393578948297 0.8874008289287451 1.4799999999999998 85.9707534332985 161.43592824488198 108.85049949785983 891.4803667125901 14.193839475899946 154.1590511188903 81.6180188507465 2493.894552537529 6.179639172E9
380.00393578948376 0.8874008289287451 1.4799999999999998 85.89023144402262 160.76367645188387 109.15143274041921 899.9518823746102 12.121571612426628 153.06689712757014 81.53565003139164 2478.422176565551 6.179639172E9
381.00393578948456 0.975700991555005 1.4799999999999998 85.67674205658255 159.49651084875197 108.8655058231137 885.4274430341475 12.102462283342664 151.6891887891557 81.12327314218675 2445.42698150286 6.179639172E9
382.00393578948535 0.975700991555005 1.4799999999999998 85.96785849349281 159.32425708156055 108.98169005279335 893.4099769553102 11.195359606750031 150.23749773796766 81.20574886330627 2458.62430306189 6.179639172E9
383.00393578948615 0.9404758042977469 1.4799999999999998 85.72183065372066 159.05217720857144 108.7341694278692 889.4464418367181 11.92336498389983 149.8909908358027 80.91440028134191 2482.416767472796 6.179639172E9
384.00393578948695 0.9404758042977469 1.4799999999999998 85.54302564005413 156.75009466002493 108.46515799296716 877.0321197286225 11.928108847849128 148.95557994522215 80.85843648474523 2434.378061523404 6.179639172E9
385.00393578948774 0.9151464029736649 1.4799999999999998 85.34878069502699 158.3053839181437 108.23269469165807 869.8074625871307 11.46244055448886 147.3011747168611 80.41801631127683 2418.596758995425 6.179639172E9
386.00393578948854 0.9151464029736649 1.4799999999999998 85.63183335966335 158.83846592911544 108.41299744227737 871.6332429990784 9.054401442403694 147.01401592412307 80.42356810055725 2515.5261278261028 6.179639172E9
387.00393578948933 0.9344161136323607 1.4799999999999998 85.65614343802962 156.2081849276216 108.30735788882504 851.9259622495156 8.663981308823406 147.4521846421439 80.2716818635077 2561.3442245126034 6.179639172E9
388.00393578949013 0.9344161136323607 1.4799999999999998 86.12229590824994 157.96554853741702 108.89011339281367 861.2927534035242 8.695649974591873 148.24486499166017 80.79619568267186 2555.2158598528345 6.179639172E9
389.0039357894909 0.9241284391864631 1.4799999999999998 81.94930181374545 150.1964173994965 108.21111167634751 731.5329495932443 8.93799647919425 146.04853180127722 68.75657661703329 2947.4282185281522 6.618627191E9
390.0039357894917 0.9241284391864631 1.4799999999999998 81.93742340522394 149.45716469933865 103.62254572399567 767.8002473286507 8.426398251407864 146.19134169420607 79.71335456850379 2945.828969852763 6.618627191E9
391.0039357894925 0.9640967092032561 1.4799999999999998 82.4317773150814 150.61531798156201 104.26408069517021 782.5429060725733 6.913533889209677 146.65820309684483 80.11372018864198 2969.5506683574868 6.618627191E9
392.0039357894933 0.9640967092032561 1.4799999999999998 82.62681229629646 148.93999919005392 104.47632922387606 787.9441629849555 8.1414461757417 146.45897138463687 80.29818258944951 2931.3148601715825 6.618627191E9
393.0039357894941 0.8871402265771638 1.4799999999999998 83.13827981570408 151.18342667358942 104.85722218500925 793.1428742596343 8.867206499733191 145.6013867931042 80.37699137691659 2903.173306891391 6.618627191E9
394.0039357894949 0.8871402265771638 1.4799999999999998 82.52424581298914 150.75409871680515 104.26963144261644 794.0769298536895 8.55899114128474 144.20808929568756 80.66719003831435 2837.6543290695495 6.618627191E9
395.0039357894957 0.8658631232846792 1.4799999999999998 82.32129823913337 147.97718418805823 103.94047629116702 779.9045778544743 8.483110528465925 144.12338240857716 80.49360596878826 2831.5934000798693 6.618627191E9
396.0039357894965 0.8658631232846792 1.4799999999999998 82.52654671453479 146.40416787118406 104.13874474557466 762.1459172690015 9.12462703314071 144.36920995921102 79.98070018682442 2880.456476804464 6.618627191E9
397.0039357894973 0.8935902253392611 1.4799999999999998 82.98986862740169 146.52368670926248 104.62646334123656 770.2801771913533 9.408789272783759 144.29971488705297 79.55246789303774 2879.751354287814 6.618627191E9
398.0039357894981 0.8935902253392611 1.4799999999999998 83.12036372933106 146.95505506174337 104.69694961487879 770.7945989699058 8.226358781370305 142.90104849458373 79.64449906307513 2850.6962325647787 6.618627191E9
399.0039357894989 0.8775753232738588 1.4799999999999998 82.7031393224083 147.74339701976518 104.39110614788356 783.488980697729 8.57277947882829 142.28822227954802 79.3638595686018 2811.02784005834 6.618627191E9
400.0039357894997 0.8775753232738588 1.4799999999999998 82.14518286797222 145.43793475777977 103.92705635344508 780.340195102009 9.149617367022406 140.6161477543636 79.36070696261963 2784.616964358028 6.618627191E9
401.0039357895005 0.8676297001593123 1.4799999999999998 82.28925612630677 147.57907737859648 104.40584330302879 822.4708680322068 10.910146399663667 141.73539035104986 79.78238466612568 2727.087162257556 6.618627191E9
402.00393578950127 0.8676297001593123 1.4799999999999998 82.41816060870919 149.39062096757567 104.46677958258324 815.425770760511 11.180666889789334 142.22520096348362 80.18239276482201 2747.0518130339824 6.618627191E9
403.00393578950207 0.9309321447752968 1.4799999999999998 82.4548160098296 150.09430919441488 104.64220679516491 835.4070460304457 11.293938647586486 143.14187073359653 80.54177597884828 2746.611690970803 6.618627191E9
404.00393578950286 0.9309321447752968 1.4799999999999998 82.30533041771558 150.29773371480846 104.8390154172744 853.9001885684582 10.343009475580557 143.68139640725553 80.28782962149603 2803.9503054543625 6.618627191E9
405.00393578950366 0.8969534541141295 1.4799999999999998 82.76516821879495 149.32129067922952 105.17110149572709 849.1598880906932 9.640624085149346 143.22738886182702 80.23901178809078 2826.1596186507063 6.618627191E9
406.00393578950445 0.8969534541141295 1.4799999999999998 82.55008317666403 150.55174129648282 105.09325708636659 849.8971258626881 11.6080504013977 143.77144148051647 80.88270909152797 2789.0304432415087 6.618627191E9
407.00393578950525 0.8816328007583589 1.4799999999999998 82.79410886206719 153.4709834761723 105.60981684925657 875.1705265232844 12.103700716571373 144.4202765275238 80.91917368340478 2783.0283901448374 6.618627191E9
408.00393578950604 0.8816328007583589 1.4799999999999998 83.02438841654435 155.08838362709585 105.87853449398757 874.1763364358699 14.910352261970292 145.39355805393166 81.08258286069146 2737.113946206022 6.618627191E9
409.00393578950684 0.9166254085198837 1.4799999999999998 83.14361279726823 152.3225524502238 105.55210446338381 851.9416651922157 13.446156238971962 147.2379911829574 81.15845657652787 2844.5361779026343 6.618627191E9
410.00393578950764 0.9166254085198837 1.4799999999999998 83.25631219187454 154.66482769131397 105.85002995450363 864.9796381523975 14.744297155886503 146.27565562180024 81.53532159916683 2823.306511670427 6.618627191E9
411.00393578950843 0.8799998076350658 1.4799999999999998 83.73648131778066 154.87901991107603 106.34695442040712 854.7450013247987 14.41451702419305 145.82555093501645 81.21822627275778 2841.9707906049234 6.618627191E9
412.0039357895092 0.8799998076350658 1.4799999999999998 83.66581792961826 152.26030541589762 106.10812420957554 844.4606646399701 13.384554714107434 147.7473806148908 81.47769173348934 2891.8550005337966 6.618627191E9
413.00393578951 0.8793168861992322 1.4799999999999998 83.684890875307 151.12438436614718 106.13571478460976 842.0053286786989 13.046955222243088 146.88738836487613 81.61270650314493 2856.153846182344 6.618627191E9
414.0039357895108 0.8793168861992322 1.4799999999999998 83.48427788036298 151.26706889977189 105.85123472094273 836.4500254268208 13.495303537208788 146.260592635313 81.35766628963174 2798.426533337093 6.618627191E9
415.0039357895116 0.8708772405625392 1.4799999999999998 83.57063588303475 152.0408697167976 106.04098973420417 856.7123621796795 14.989250068231945 146.90858631838586 81.71463976392832 2777.148285333206 6.618627191E9
416.0039357895124 0.8708772405625392 1.4799999999999998 83.177176694353 151.59273556967068 105.78858556729982 857.8064362426298 14.220181208334258 146.71152562448165 81.9633745199538 2766.1008674711466 6.618627191E9
417.0039357895132 0.9068328367157646 1.4799999999999998 83.12405103817929 154.29708305492753 105.67002499365496 877.6175862136764 15.588000330703924 146.27701638774124 82.0609770976176 2714.4204517465664 6.618627191E9
418.003935789514 0.9068328367157646 1.4799999999999998 83.09003635796624 153.4704941234823 105.70082174938125 860.5192583531921 15.472873710995469 147.69045357245614 81.61779549475443 2769.1877825056376 6.618627191E9
419.0039357895148 0.8915160172389442 1.4799999999999998 83.47955388435224 165.08374741325 116.51324567771069 1156.6923498698966 5.4949635877832455 147.711888826421 80.25456610888658 3038.6127857187453 6.528910254E9
420.0039357895156 0.8915160172389442 1.4799999999999998 92.21788772365011 163.9735474285979 117.86183985613533 1011.7742205244909 5.079424575548833 147.18566305304483 79.89201090578126 3076.6613474449427 6.528910254E9
421.0039357895164 0.8826383480119859 1.4799999999999998 91.98305858698447 163.73152884124235 117.50436515800106 1040.0016123650994 5.651648350825906 147.6223617052406 79.43370341829365 3040.5199218288526 6.528910254E9
422.0039357895172 0.8826383480119859 1.4799999999999998 91.97856734826028 163.16102243082028 117.43462369926866 1029.5070417696043 6.997927771575192 146.40995646304657 79.30073794103411 2998.385350831263 6.528910254E9
423.003935789518 0.9100195204290773 1.4799999999999998 91.82576104152268 160.43360635773206 116.9435236699957 988.4995730165655 6.990021110784687 144.885040501143 79.03911577043417 2977.915813453145 6.528910254E9
424.0039357895188 0.9100195204290773 1.4799999999999998 91.82786013757125 160.56523596307397 116.94540654942332 998.021098240826 8.230153759784221 145.10645198424817 79.0465680218947 2923.4837683435603 6.528910254E9
425.0039357895196 0.9208524065078212 1.4799999999999998 92.06052826590907 159.97646852598697 117.31576425541405 991.646896773826 7.590928087621944 145.0133330234544 79.00178712351386 2900.246181482977 6.528910254E9
426.00393578952037 0.9208524065078212 1.4799999999999998 92.26369000994185 161.6131134294177 117.55674349708768 994.6249958151124 5.201749435611873 142.90996975148383 78.71017907782227 2899.213723965052 6.528910254E9
427.00393578952117 0.8948587226711812 1.4799999999999998 92.27932346112341 162.61427991159636 117.65669341488075 1018.7123073957329 6.308471812411075 144.54250170144078 79.27329449652655 2890.662973986252 6.528910254E9
428.00393578952196 0.8948587226711812 1.4799999999999998 92.36180009824714 162.29462029156832 117.84946299204987 1020.0535481622638 8.660211029065806 144.49072334458336 79.1213202521877 2832.0930674539864 6.528910254E9
429.00393578952276 0.9083860206217073 1.4799999999999998 92.47184199385468 161.76382097227008 118.06420022774113 1029.2515125211642 8.7813008936271 145.9814030515686 79.16868190467814 2859.7813728714646 6.528910254E9
430.00393578952355 0.9083860206217073 1.4799999999999998 92.43636715500952 160.43187351225495 118.54936624823893 1050.0780181283226 9.794356017527647 145.11656016351438 79.00103766270344 2820.2457242764613 6.528910254E9
431.00393578952435 0.8697206158039357 1.4799999999999998 92.99342625360252 162.69942700951194 118.82171992488044 1052.7436963480525 10.715099318612776 144.35932357388552 79.25288909400935 2836.161735890317 6.528910254E9
432.00393578952514 0.8697206158039357 1.4799999999999998 92.65712623914175 162.57938642531096 118.35240646778863 1044.1799269167589 10.346993010391063 145.4784577201112 79.25231278197217 2876.342339355688 6.528910254E9
433.00393578952594 0.8704299456754749 1.4799999999999998 92.32943668600372 162.7047488455122 118.20196141008228 1051.909884871519 11.47692671184699 144.30664542110154 79.28706045318621 2839.376121117949 6.528910254E9
434.00393578952674 0.8704299456754749 1.4799999999999998 92.35168032673927 161.3199491845429 117.75675535661924 1012.7455275939564 9.989510256551934 144.45250514686157 79.07120013617322 2918.4133221655266 6.528910254E9
435.00393578952753 0.8897079939801293 1.4799999999999998 92.34414896733122 162.83428745471764 117.6539262341737 1026.9326372104404 9.87149030609056 143.49940451164383 79.52132771428926 2953.0800792819646 6.528910254E9
436.0039357895283 0.8897079939801293 1.4799999999999998 91.78855318863697 162.09438337612397 117.21504105664307 1004.5059222023863 7.5788020431179985 143.23940083024536 78.94907179811233 2981.7967810255263 6.528910254E9
437.0039357895291 0.8773708283391342 1.4799999999999998 92.07042904426038 159.89643493515212 117.3307321241318 1018.1276996339273 8.212213243978182 141.9475819514228 78.74482964022755 2919.090525735615 6.528910254E9
438.0039357895299 0.8773708283391342 1.4799999999999998 92.48333310117067 158.0423342110156 117.41482346569191 994.6398867844351 10.122139818220466 142.47167592692898 78.95235779845608 2931.5403750446676 6.528910254E9
439.0039357895307 0.9208075401424891 1.4799999999999998 92.31117286987445 158.93108662565285 117.50858653233286 1009.207432702245 6.917375705208322 140.76601956760007 78.59233417327572 2978.6736153413403 6.528910254E9
440.0039357895315 0.9208075401424891 1.4799999999999998 92.05772084459157 159.43766283896895 117.37052005237064 1014.8110772766439 6.427869048084103 142.34499694773552 78.66399549888325 3027.741781590538 6.528910254E9
441.0039357895323 0.8761971582339798 1.4799999999999998 92.28759666641893 161.9034271018026 117.92278589960453 1052.9640653446318 7.191678542979122 142.1887186830131 78.8422956993642 2974.521039393317 6.528910254E9
442.0039357895331 0.8761971582339798 1.4799999999999998 92.12679614765202 162.21700970294188 117.76991191622142 1043.2389476978544 6.9567530407020355 142.4468685642641 79.14344692316585 3015.2569247360934 6.528910254E9
443.0039357895339 0.8947543288266583 1.4799999999999998 92.29722422938354 161.74413940014063 118.14022413115893 1057.453249228455 8.24071269290361 141.65214301189036 79.20201417747201 2999.3082361180286 6.528910254E9
444.0039357895347 0.8947543288266583 1.4799999999999998 92.15711330249117 162.29880882837628 118.08663825075425 1066.4838475909744 8.190179850201531 142.8604639679078 79.36767297365272 2998.150830961456 6.528910254E9
445.0039357895355 0.9193642817012645 1.4799999999999998 92.64297306667751 165.74322766492884 118.78853604105105 1091.5814226884531 8.418866077194211 143.63644060010466 80.0178745161124 2965.880749863275 6.528910254E9
446.0039357895363 0.9193642817012645 1.4799999999999998 93.33080884186 167.8486306827687 119.66624639686904 1106.4489873392286 9.354773857695907 142.90992561554668 80.41426006450092 2909.670400992901 6.528910254E9
447.0039357895371 0.8946525759797505 1.4799999999999998 92.91720881963977 169.16327890715544 119.20998755729478 1115.916487221848 7.618624544664529 143.42893819763276 80.20165601880844 2940.3890914582735 6.528910254E9
448.0039357895379 0.8946525759797505 1.4799999999999998 92.86451724891117 169.16683561008028 119.10722055565182 1109.611661985569 8.717784977712453 142.18226903198342 80.12746669380857 2908.6674390054177 6.528910254E9
449.0039357895387 0.8800856887238645 1.4799999999999998 89.00164636895221 161.3313716562526 114.73464702238964 961.3429690412801 11.326745980723064 141.50591055651057 81.66636704505575 2725.1755901656707 6.913013269E9
450.00393578953947 0.8800856887238645 1.4799999999999998 89.01910222681664 163.40109120584054 114.17130228578561 1022.9149184703326 11.077839778598399 142.52629010841872 81.85754108544229 2776.445605061453 6.913013269E9
451.00393578954026 0.9276104551560571 1.4799999999999998 88.78345258994128 161.91780303001644 113.75506186057025 1003.475581924385 11.211358924727943 142.21008837223934 82.17443390975228 2751.5632217800166 6.913013269E9
452.00393578954106 0.9276104551560571 1.4799999999999998 88.98326059168315 162.49575776383085 114.16564226972004 1021.5988995414781 12.442491756300592 143.7093569851649 82.71218785767124 2782.1691141017477 6.913013269E9
453.00393578954186 0.9024368381616884 1.4799999999999998 88.82559474243246 160.38333394130245 113.85543737177449 988.173828950527 12.797310716376384 140.92101958189204 82.65254610347009 2714.7562360778693 6.913013269E9
454.00393578954265 0.9024368381616884 1.4799999999999998 88.63985739383246 161.0596722931546 113.60041379747236 993.1826481752066 11.764786167183033 140.77299644015176 82.63669319897267 2720.091861165414 6.913013269E9
455.00393578954345 0.9291227131011148 1.4799999999999998 88.62649335587146 161.17205622008953 113.7262403325058 1011.515695754705 12.924943321782504 140.79126514264013 82.84797518962196 2721.787503438926 6.913013269E9
456.00393578954424 0.9291227131011148 1.4799999999999998 89.00375026532836 161.0413119494625 114.03320635488981 1008.7300550281519 13.86326877745311 141.94138533894994 82.79093165212969 2733.028466488353 6.913013269E9
457.00393578954504 0.9818299345194716 1.4799999999999998 88.9804613015693 159.97488612564302 113.85958099589237 982.532602112752 12.942175554477583 142.26330701117143 82.15750976601029 2794.7529960110705 6.913013269E9
458.00393578954584 0.9818299345194716 1.4799999999999998 88.7541564959486 158.57961526358673 113.6030481831438 989.1476212992626 11.383583342772415 143.6781430926033 82.20947322888271 2831.875841940784 6.913013269E9
459.00393578954663 0.9489087226773194 1.4799999999999998 88.71559777903897 157.91099529513966 113.78889959481313 1007.5231601455206 11.402385517124603 145.34525302043272 83.10225864855039 2756.0812083597534 6.913013269E9
460.0039357895474 0.9489087226773194 1.4799999999999998 88.52415894406721 158.2158023357614 113.66385823440595 1004.2330683212666 9.633746888166655 145.23258908878688 82.7368827630369 2778.8020084683462 6.913013269E9
461.0039357895482 0.9202846535999467 1.4799999999999998 88.62688063801198 156.92084410752156 113.48212585161627 977.1485433118669 11.524491328513538 144.64673448550542 82.9521802129161 2737.729168208016 6.913013269E9
462.003935789549 0.9202846535999467 1.4799999999999998 88.45804074329001 158.14242915476026 113.29057929969808 985.9519658631561 10.511475440299733 144.0497806919405 82.94097228067356 2823.830332635793 6.913013269E9
463.0039357895498 1.058061758546457 1.4799999999999998 88.29649932407628 159.33763154335813 113.76520731530444 1018.2080521224 7.8904959265437755 144.0626278373066 82.88843445460682 2844.849733471661 6.913013269E9
464.0039357895506 1.058061758546457 1.4799999999999998 89.11611337058417 161.16131865816166 114.24287943620602 1010.0592279713453 8.786277560729825 144.62476150969144 83.10526235463325 2865.229889369859 6.913013269E9
465.0039357895514 0.9424344046525494 1.4799999999999998 89.24025747951833 160.37146843057405 114.32135997094962 985.5088411916201 10.187960962596902 145.4619706493861 82.99554517798549 2874.4722384984543 6.913013269E9
466.0039357895522 0.9424344046525494 1.4799999999999998 89.24291103012753 159.09857813741294 113.99346135876047 975.7307469062887 11.411126156394213 146.2002846764937 82.87651540287385 2856.7822745791436 6.913013269E9
467.003935789553 0.913091834524488 1.4799999999999998 89.11469873251097 159.19137270550567 114.09360796051651 991.6710969186594 12.686426342466998 145.40919452093354 82.81015207659121 2820.5785862463035 6.913013269E9
468.0039357895538 0.913091834524488 1.4799999999999998 89.28870805385473 159.68033219511528 114.12992299375529 981.02192968373 13.446953486260389 145.79732624798535 83.07455603466487 2848.125806973556 6.913013269E9
469.0039357895546 0.9988387465967297 1.4799999999999998 89.03466490716336 159.24708272336363 113.87367638312226 975.8426810466289 13.295431456836331 146.1211383904926 83.39036518972881 2769.773449967717 6.913013269E9
470.0039357895554 0.9988387465967297 1.4799999999999998 89.38971151527704 163.1002195708764 114.65370063761395 1014.4289520504226 14.50148356304658 146.28342565309407 83.84997418809766 2798.9774772977617 6.913013269E9
471.0039357895562 0.999540519263178 1.4799999999999998 89.78582944091326 165.0661562675972 114.97332197415082 1015.2481349396187 13.796822606297294 145.95617462431065 83.15849200506281 2890.2584961582234 6.913013269E9
472.003935789557 0.999540519263178 1.4799999999999998 90.41163588195337 165.6040872990914 115.20491613072538 1006.385188088471 12.583769139681586 147.550255795967 83.52782662676367 2951.317952205884 6.913013269E9
473.0039357895578 1.0870972144543098 1.4799999999999998 90.42161775995338 165.7164251194801 115.16849185247717 994.8357001593431 14.555658790670629 148.08215639645232 84.17243497659905 2950.5455866126426 6.913013269E9
474.00393578955857 1.0870972144543098 1.4799999999999998 90.5732556111389 167.12526115240817 115.7235027026465 1026.001803889097 12.538186946586796 146.0129807613369 84.20854122938876 2940.2043966921046 6.913013269E9
475.00393578955936 1.0386932077020052 1.4799999999999998 91.26813867864422 166.62666796887765 116.7793000195637 1037.6456269334094 13.402850218405456 148.08824844582782 84.83055994416178 2892.5507358432915 6.913013269E9
476.00393578956016 1.0386932077020052 1.4799999999999998 91.96877986846359 166.6623541667971 117.35155216135797 1040.1264974418405 14.372869684236528 147.48277980899607 84.81259243151548 2840.9504350794596 6.913013269E9
477.00393578956096 0.9242969966578098 1.4799999999999998 92.03775218583026 167.13440311268954 117.66071649246567 1066.6732830808758 16.476485147229447 147.7187846006544 85.07148628057956 2785.751312543156 6.913013269E9
478.00393578956175 0.9242969966578098 1.4799999999999998 91.31509984026712 166.1255224011417 117.20258734543435 1056.8357776070084 15.265723225292106 147.19945265398366 84.41571548340568 2844.0370486729425 6.913013269E9
479.00393578956255 1.0983324934914658 1.4799999999999998 89.68371534517749 194.1011924681533 118.67337188794745 1507.1493901727 9.957611864252442 148.73597073666463 87.61695062523972 2502.115176634732 7.109036551E9
480.00393578956334 1.0983324934914658 1.4799999999999998 89.9507524353615 192.79882849383029 118.16474014421667 1478.3785509244742 7.030906616153336 151.17317750759923 87.39597380760003 2594.644425544779 7.109036551E9
481.00393578956414 0.9431310117766252 1.4799999999999998 90.05181123690909 192.82123591272628 118.34829230491232 1492.011828665648 8.279656144226706 150.5597119135073 87.21894241728774 2602.9883971724853 7.109036551E9
482.00393578956493 0.9431310117766252 1.4799999999999998 90.03439303725102 195.0667314099467 118.55485292200845 1528.3678171566169 6.370110585949245 149.87719003028408 87.25558514386033 2609.395334132683 7.109036551E9
483.00393578956573 1.020976605012499 1.4799999999999998 90.07289588806606 195.6045372557373 118.77642751031023 1554.8120376533311 6.609524871336234 151.91202449816518 87.18992142154008 2612.285765571618 7.109036551E9
484.0039357895665 1.020976605012499 1.4799999999999998 90.02812837439804 194.8068401006063 118.02702379937854 1494.1220708607232 6.769077336445747 152.19964402046685 86.68669955368956 2652.6705272883287 7.109036551E9
485.0039357895673 1.1381193398309 1.4799999999999998 89.93615128031904 195.98326502089023 118.18392237136968 1517.4798676929624 8.088452509947201 152.36681138468896 87.07344659746448 2646.861152517231 7.109036551E9
486.0039357895681 1.1381193398309 1.4799999999999998 89.52391131599046 193.62553754743783 117.584564267066 1484.6929687365785 7.662254179585456 151.9959646296208 86.93264093227117 2659.353381132946 7.109036551E9
487.0039357895689 0.9670016478809633 1.4799999999999998 88.94951225966014 191.20259592095863 116.50789283741054 1416.991280034431 8.369645109585848 150.83579891492974 86.36806059254047 2690.0487032887972 7.109036551E9
488.0039357895697 0.9670016478809633 1.4799999999999998 88.95449100946233 191.8353017988682 116.55524613710615 1424.9306987779844 6.758869493248895 149.96736906961527 85.98347744511587 2745.2426224627493 7.109036551E9
489.0039357895705 1.0748710411020195 1.4799999999999998 89.2671617170632 191.43622023451275 116.77476736967333 1428.2861198452738 8.227793110022983 149.8492871632205 86.4485953674319 2687.811986636892 7.109036551E9
490.0039357895713 1.0748710411020195 1.4799999999999998 89.21165754287637 192.70212142322688 116.78267279559742 1451.0480506518895 10.754445717227792 149.83391685774293 86.85554231932059 2621.2596204518077 7.109036551E9
491.0039357895721 1.1183307912873515 1.4799999999999998 88.41997054578331 189.2140934168245 115.69768557396527 1388.3821269724876 11.042088763427605 150.19526202455458 86.42693853992036 2627.869587148669 7.109036551E9
492.0039357895729 1.1183307912873515 1.4799999999999998 88.43442680183173 189.7702814804712 115.40205080530464 1384.5967434428214 14.508459587444724 148.37298278857202 86.49491352616593 2562.9350284559614 7.109036551E9
493.0039357895737 1.135123736256828 1.4799999999999998 87.4603124869491 189.01811148570758 114.62489003315204 1367.9240818939143 16.244364208749435 149.01186446316856 86.39177948789728 2494.903182202241 7.109036551E9
494.0039357895745 1.135123736256828 1.4799999999999998 87.35360379471253 189.34265499258493 114.33477852388303 1393.0736576724084 14.529739371075106 147.5207529309668 86.03952924751279 2494.2429098601274 7.109036551E9
495.0039357895753 1.0122505271558009 1.4799999999999998 87.41134217258072 188.23907496880673 114.56988433951885 1383.9698063053754 15.912336989669587 148.2724666633399 85.6694860398935 2517.9739661242024 7.109036551E9
496.0039357895761 1.0122505271558009 1.4799999999999998 87.78814409562854 188.10642672399757 115.01903464046657 1396.5941313786134 16.36829566399738 147.44490509527353 86.1086124962685 2478.0623369472637 7.109036551E9
497.0039357895769 1.1113191010252108 1.4799999999999998 87.85377660466308 188.38225720984735 115.34167716192508 1397.9367713691868 15.940064490971034 147.57269699740226 86.13914866167804 2475.207265872332 7.109036551E9
498.00393578957767 1.1113191010252108 1.4799999999999998 88.1628848828767 186.97070871249116 115.55437972123012 1387.2881980298087 16.032118357127892 147.83675568654067 86.68433934288043 2465.9884205801995 7.109036551E9
499.00393578957846 1.1218738346770576 1.4799999999999998 88.39096587046993 188.18595021882763 116.01700789581317 1418.5321844018358 14.258425490062582 146.58015322855096 86.49848537945273 2469.81033666559 7.109036551E9
500.00393578957926 1.1218738346770576 1.4799999999999998 88.72949546983153 185.23423718781888 116.02233887246511 1365.5928245341079 13.818319887202577 148.0983143580109 86.63475338378731 2552.015333144626 7.109036551E9
501.00393578958005 0.9939882584420568 1.4799999999999998 88.59141457436165 183.84533639372958 115.96688996002578 1376.0860769123194 15.408541183612599 145.46741449537308 87.02225897933778 2478.939128079014 7.109036551E9
502.00393578958085 0.9939882584420568 1.4799999999999998 88.35870966984407 181.6659398698567 115.68211523960302 1359.4143476291272 14.387739925110477 144.1555032616398 86.40335523961154 2493.415635553699 7.109036551E9
503.00393578958165 1.0458384959274185 1.4799999999999998 88.03498423600999 182.07719091300189 115.37717089630048 1372.8487351288063 17.055030636202815 142.61273588985637 86.53213231590233 2426.834236884064 7.109036551E9
504.00393578958244 1.0458384959274185 1.4799999999999998 87.84774336940731 183.4758559721937 115.26733383889906 1396.6681723080176 18.30751942917279 143.2173102216213 86.76001054907661 2360.065921198471 7.109036551E9
505.00393578958324 1.1988867212303347 1.4799999999999998 87.77797824112919 183.03701138961125 115.50959723890115 1417.3586439327657 19.924803603760846 143.8872372332997 87.37032791454645 2292.609780197028 7.109036551E9
506.00393578958403 1.1988867212303347 1.4799999999999998 87.60682103846085 183.75797252674826 115.5073167028704 1433.5365611516436 21.140012212226814 144.085169001019 87.49248215903872 2269.2424842702753 7.109036551E9
507.00393578958483 1.1947651682566054 1.4799999999999998 87.38867028568049 183.56113798864286 115.10676595346804 1420.3262723533726 22.513967149567613 143.67614715071323 87.45704079386739 2263.1232517420326 7.109036551E9
508.0039357895856 1.1947651682566054 1.4799999999999998 87.70216320797141 184.40725757893915 115.49664821534445 1444.2397617216652 20.36636973496695 143.65359667689495 87.52068683530862 2305.282209898149 7.109036551E9
509.0039357895864 1.0694315670247574 1.4799999999999998 87.81208298616565 176.7830138294613 110.91621921682501 1282.079898729782 0.0 144.78076571824386 92.22249061561905 2722.0614765060654 6.86742744E9
510.0039357895872 1.0694315670247574 1.4799999999999998 88.98674288548347 176.80658831445976 115.87406874563655 1281.5721758543955 0.0 133.45551138990905 83.15537712788866 2511.2831867091186 6.86742744E9
511.003935789588 1.25659967490982 1.4799999999999998 88.9745838311682 177.85689988839516 115.99616019273365 1297.4040777960279 0.0 133.38825758569428 83.3997442713137 2462.0799297543444 6.86742744E9
512.0039357895888 1.25659967490982 1.4799999999999998 89.1526331919746 178.5052329183084 115.98224399803176 1300.418600771864 0.0 133.49190375428446 83.062934283104 2487.0956097177504 6.86742744E9
513.0039357895879 1.145167663443449 1.4799999999999998 88.87569116125502 179.03212718173816 115.59454488016931 1289.3453664530027 0.0 134.10684296472465 83.51814862313137 2488.334272790075 6.86742744E9
514.003935789587 1.145167663443449 1.4799999999999998 89.13387061049076 180.91998989914043 116.40766010214254 1326.64046271819 0.0 135.81710367464856 83.32258930883263 2524.1211171551354 6.86742744E9
515.0039357895861 1.1723616147607858 1.4799999999999998 89.40090714008699 183.71542811911925 116.64177943370316 1347.1118303448238 0.0 135.7686382338599 83.40553685656742 2523.8150382463045 6.86742744E9
516.0039357895852 1.1723616147607858 1.4799999999999998 89.41473069338645 182.54428121489633 116.99575313120012 1355.6924582284855 0.0 135.29251641363012 83.13003627675401 2575.7533876634034 6.86742744E9
517.0039357895843 1.233562375804876 1.4799999999999998 89.47485013711984 182.24802398302054 117.11615706337962 1358.6394065535414 0.0 135.83276574269252 83.19478993229204 2563.312491758837 6.86742744E9
518.0039357895834 1.233562375804876 1.4799999999999998 89.01504365850953 183.03712200634413 116.59228782229691 1351.3337519726185 0.0 135.87333801257083 83.20169860281324 2541.8881808193237 6.86742744E9
519.0039357895824 1.0818105930591106 1.4799999999999998 88.67957326983053 182.95061515889594 115.8619960702014 1337.3414614239487 0.0 135.52984891441906 83.36173961557827 2512.262308522863 6.86742744E9
520.0039357895815 1.0818105930591106 1.4799999999999998 88.36372362248063 183.06364186903227 115.2728533769671 1343.407640300023 0.0 134.80302943271977 83.14347424224329 2504.6379364228087 6.86742744E9
521.0039357895806 1.1780678980450743 1.4799999999999998 88.30897965519495 183.80851529952213 115.28292146355014 1329.8808407441984 0.0 135.13067060721627 83.21129133217696 2525.07226818261 6.86742744E9
522.0039357895797 1.1780678980450743 1.4799999999999998 88.20972053802012 181.1039723928481 115.045653957493 1297.605321753912 0.0 134.7103651636976 82.85293193340499 2530.6199158075015 6.86742744E9
523.0039357895788 1.0931580457114936 1.4799999999999998 88.52710918284042 180.2344642431251 114.85373298161124 1273.506617511991 0.0 135.2217601262558 82.7487515481249 2596.5470348583713 6.86742744E9
524.0039357895779 1.0931580457114936 1.4799999999999998 88.67961711901646 181.86042765993685 115.43542629382723 1299.2959891094501 0.0 136.29944305889072 82.33310830044397 2673.807157362387 6.86742744E9
525.003935789577 1.1433895465244757 1.4799999999999998 88.94377649651015 182.48622524797585 115.59339574653603 1301.8424049038554 0.0 135.48358087446402 82.3611344365497 2608.6744812048887 6.86742744E9
526.0039357895761 1.1433895465244757 1.4799999999999998 88.70635661890319 180.18776234873886 115.00147382838823 1254.6093851331775 0.0 134.6992947103193 82.41704502668145 2620.7776676604276 6.86742744E9
527.0039357895752 1.2510562786206438 1.4799999999999998 88.66726934818914 179.26660738913273 115.51604007723616 1280.6596645597174 0.0 134.3091671595399 81.88567286318356 2593.138213071798 6.86742744E9
528.0039357895743 1.2510562786206438 1.4799999999999998 89.27885023380895 179.91098356435967 115.73632582433804 1279.292369340546 0.0 135.94068912793222 81.97245250141238 2582.356427694199 6.86742744E9
529.0039357895733 1.1163014999079515 1.4799999999999998 89.19871534692626 183.64171844293867 116.08728424597567 1326.1347551135905 0.0 137.57961311486082 82.3999518348613 2617.551743394424 6.86742744E9
530.0039357895724 1.1163014999079515 1.4799999999999998 89.06911874585359 184.74588183112 116.20669890843843 1354.1028943507185 0.0 137.36272830734796 81.94331099956348 2569.7494518959484 6.86742744E9
531.0039357895715 1.2148466119719457 1.4799999999999998 89.28125483701865 182.4651042591233 115.79977063091717 1298.6126251068413 0.0 135.7066674657831 81.84511629205448 2517.3784051889475 6.86742744E9
532.0039357895706 1.2148466119719457 1.4799999999999998 88.95488614987215 181.12150337833336 115.56867925040125 1289.9263937254464 0.0 135.6033572938446 81.69462462830246 2520.0209523284793 6.86742744E9
533.0039357895697 1.2526153029997298 1.4799999999999998 88.89193568983634 183.00099399154556 115.68242963613154 1311.107340229089 0.0 136.65148169873075 82.08624451216116 2524.1405050404956 6.86742744E9
534.0039357895688 1.2526153029997298 1.4799999999999998 88.73636473173612 184.16741144775085 116.44025191067557 1339.7074137100253 0.0 136.44005929595124 82.3015077515527 2561.117524238007 6.86742744E9
535.0039357895679 1.2524572442859925 1.4799999999999998 89.115088797796 183.8319153864174 116.05474813474041 1318.6678985455665 0.0 135.9607126530089 82.40188905029636 2573.180242654438 6.86742744E9
536.003935789567 1.2524572442859925 1.4799999999999998 88.66772387077678 181.30925488044485 115.23138959861771 1284.3978689595008 0.0 134.73028055613037 81.9524884691715 2561.0314044500756 6.86742744E9
537.0039357895661 1.296845727973029 1.4799999999999998 88.26357372372159 181.56099335752677 114.76645908301657 1275.8350499143692 0.0 135.5392688423472 81.85569395769758 2616.3832995200405 6.86742744E9
538.0039357895652 1.296845727973029 1.4799999999999998 88.23734956888161 181.6189737542976 114.86999167650907 1290.119158675122 0.0 136.09525848759253 81.97646147629865 2602.6755892554925 6.86742744E9
539.0039357895643 1.400878682859483 1.4799999999999998 84.58117701641152 160.391176336842 112.75754320303439 864.9571325981124 0.0 136.2338558541118 68.98036669396006 3208.347713862515 7.107751928E9
540.0039357895633 1.400878682859483 1.4799999999999998 84.9365699992255 162.19124625673646 108.40693570463849 921.120592334293 0.0 149.2084121851199 78.1701187055151 3817.555998246402 7.107751928E9
541.0039357895624 1.3434432211357843 1.4799999999999998 84.30978762035221 160.78135844175833 107.63241613495558 894.220361312515 0.0 148.47755111797096 77.79139245972553 3814.721103810645 7.107751928E9
542.0039357895615 1.3434432211357843 1.4799999999999998 83.79840106891515 157.58282378677436 106.7636531502462 857.9014725771287 0.0 151.64319060550946 77.51815686338674 3885.3612129558846 7.107751928E9
543.0039357895606 1.4231042606418942 1.4799999999999998 83.85798680159648 157.07668658855258 106.75284139077627 862.705867181691 0.0 152.97656781221264 77.6712684674548 3948.542782435011 7.107751928E9
544.0039357895597 1.4231042606418942 1.4799999999999998 83.50491173163468 157.37258160884747 106.4725484043459 870.7751033234997 0.0 152.8454561252041 77.97011700415507 3933.6901599465614 7.107751928E9
545.0039357895588 1.3939758921366818 1.4799999999999998 83.45503981176368 156.58619712773364 106.19542726071228 859.9578600125535 0.0 151.741215681426 77.81676745306186 3943.157087400692 7.107751928E9
546.0039357895579 1.3939758921366818 1.4799999999999998 83.3929044301039 158.63214561084294 106.47134375109209 891.2489521977346 0.0 152.70021455916765 77.74785163221455 3902.9408665486917 7.107751928E9
547.003935789557 1.309987163793927 1.4799999999999998 83.09842148861702 155.14207478372248 105.86682781310088 856.2049432312656 0.0 152.62207420092818 77.99158308298739 3896.8741855578005 7.107751928E9
548.0039357895561 1.309987163793927 1.4799999999999998 83.24115195439309 155.8567135984636 106.15314403345444 871.9011987306101 0.0 153.06940828207252 77.88080799597714 3907.5522301947017 7.107751928E9
549.0039357895552 1.348572056149985 1.4799999999999998 83.21493313776776 155.43727739374629 106.19158527129142 868.4255986716857 0.0 152.43970433880048 77.17432652468418 3906.568307858284 7.107751928E9
550.0039357895542 1.348572056149985 1.4799999999999998 83.32040162644866 156.2275536074148 106.3210863814846 873.0939190973226 0.0 152.4821603927194 76.90938290922566 3907.8075386083865 7.107751928E9
551.0039357895533 1.4454571286813704 1.4799999999999998 83.5699343092676 158.7722734442607 106.90785141190058 908.7023563032952 0.0 151.65033397448033 76.74912043959004 3857.0374800270074 7.107751928E9
552.0039357895524 1.4454571286813704 1.4799999999999998 83.80240473924088 158.68528876958612 107.2358325760954 912.9888684616831 0.0 153.28502395046232 77.20624930343442 3831.229434939782 7.107751928E9
553.0039357895515 1.449085791158399 1.4799999999999998 83.66453391091395 156.9723444295527 106.88513006683459 898.8507896748342 0.0 153.57218091760927 77.29801220344737 3807.296123146832 7.107751928E9
554.0039357895506 1.449085791158399 1.4799999999999998 83.52296634255127 155.14169159712597 106.29524145903908 866.0744926173122 0.0 154.29605897867546 77.34800595626363 3855.409269597734 7.107751928E9
555.0039357895497 1.496460305515911 1.4799999999999998 83.6757531894033 155.0001937840251 106.61155151630749 879.6436967855535 0.0 153.30206282692313 77.17546390098798 3816.1245725872704 7.107751928E9
556.0039357895488 1.496460305515911 1.4799999999999998 83.72694749277353 153.9265750454942 106.76421020154454 885.1011213140698 0.0 152.3667520107199 77.06219215712196 3811.3957660285078 7.107751928E9
557.0039357895479 1.4693025021811306 1.4799999999999998 83.47866454940859 154.35833246920413 106.66646810464057 895.8634366314944 0.0 150.4930753304061 76.53337143090339 3799.404852778761 7.107751928E9
558.003935789547 1.4693025021811306 1.4799999999999998 83.2918610037142 156.52876665174165 106.82978933598372 936.8738539244595 0.0 150.08126109984534 76.13849407742899 3798.792677316743 7.107751928E9
559.0039357895461 1.4526765828994455 1.4799999999999998 83.31834347814244 158.02834890356417 106.63014000352496 930.5029746445101 0.0 150.6521547295757 76.31811189168535 3816.7264623553046 7.107751928E9
560.0039357895452 1.4526765828994455 1.4799999999999998 82.83449783018374 158.5742900400664 106.09188632156305 926.3385331427457 0.0 151.37526321995307 75.87627339857349 3785.767380300294 7.107751928E9
561.0039357895442 1.3115161254384955 1.4799999999999998 82.62194977398653 158.4803711269394 105.74384029524319 915.4657893198639 0.0 152.26584123237373 76.1651681673817 3811.6412811715727 7.107751928E9
562.0039357895433 1.3115161254384955 1.4799999999999998 82.7939211140502 156.83176392175358 106.04118968066949 911.437275810076 0.0 152.19872301061554 75.80879413851147 3829.1375056452007 7.107751928E9
563.0039357895424 1.381035746857641 1.4799999999999998 83.19212281214848 158.4350501772412 106.6732823616618 913.8780027040508 0.0 151.90690289564387 75.62225589621843 3787.3074167440636 7.107751928E9
564.0039357895415 1.381035746857641 1.4799999999999998 83.27655799135457 157.30044825851195 106.23128124130729 890.5568804339151 0.0 153.4013561825819 75.6093078118307 3836.753528914943 7.107751928E9
565.0039357895406 1.4455245928245373 1.4799999999999998 83.20473429932048 155.6289034008358 106.17472378414092 884.7478854621181 0.0 153.23673466856218 75.71999378760945 3767.2203172158675 7.107751928E9
566.0039357895397 1.4455245928245373 1.4799999999999998 83.37571378992872 158.5838628236594 106.83135237625412 914.7137433062976 0.0 154.5020553142158 75.68437967083847 3838.388475852691 7.107751928E9
567.0039357895388 1.3253112121390966 1.4799999999999998 83.81417023570779 159.28946116466128 107.0731010364673 910.2911449570747 0.0 154.34568903603036 75.66592558728529 3854.4793482691207 7.107751928E9
568.0039357895379 1.3253112121390966 1.4799999999999998 83.69913909887944 158.83529225017875 106.88673279022285 915.6466929696653 0.0 153.04127924528257 75.62363663824078 3810.5805091453635 7.107751928E9
569.003935789537 1.4519581612017547 1.4799999999999998 82.18128673453222 180.12096584044153 106.88322712799302 1146.3538074025578 5.465549304171725 151.20575033920016 82.47612989517646 2878.711666804017 6.765808672E9
570.0039357895361 1.4519581612017547 1.4799999999999998 82.40720402571347 180.90252351593222 106.9866608735892 1167.0809251085686 6.656630386683156 152.10412426975353 83.11283625522329 2857.2416665901983 6.765808672E9
571.0039357895351 1.3209228973543479 1.4799999999999998 82.64356027076334 181.06423345237056 106.91317081032466 1155.9912100377467 6.836367759227363 152.6878202350269 83.36115752335643 2864.171292730577 6.765808672E9
572.0039357895342 1.3209228973543479 1.4799999999999998 82.62075373991968 183.15274770685807 107.31917360388319 1205.3849539692783 8.36928428088861 150.66024763079537 83.40195151365002 2796.0355770615706 6.765808672E9
573.0039357895333 1.4382701730721523 1.4799999999999998 82.39048272845442 185.00557414697803 107.40285227167739 1247.259491896226 10.159817919293355 149.50714714291348 84.17930635674651 2698.655236742864 6.765808672E9
574.0039357895324 1.4382701730721523 1.4799999999999998 81.53754928445356 183.1069679260942 106.621439953789 1216.2729570646195 9.682569051464341 147.28289121499188 83.51537407621099 2670.305231867506 6.765808672E9
575.0039357895315 1.3792158217857309 1.4799999999999998 81.6525201542715 182.0333636339419 106.42453810537928 1201.1550288832832 9.424375221658796 147.0191347698024 83.44504516627715 2695.4339771800414 6.765808672E9
576.0039357895306 1.3792158217857309 1.4799999999999998 81.82817123983088 182.66527222313883 106.63870056491346 1213.9513377449885 8.394525403788885 146.62370144676692 83.3882628530357 2661.134639116607 6.765808672E9
577.0039357895297 1.4745584003970797 1.4799999999999998 82.11893730837456 184.82687122312734 107.44467199307525 1258.4775210255798 11.951591419594958 144.61361691316296 83.89258050683307 2571.8129365646914 6.765808672E9
578.0039357895288 1.4745584003970797 1.4799999999999998 82.37507691571984 186.82857623556882 107.9725937883977 1310.5331364313874 13.51338051730336 144.06472417563722 84.14225969587145 2529.596237812958 6.765808672E9
579.0039357895279 1.414538638523554 1.4799999999999998 82.25380616760772 187.32970163630873 107.81658441004728 1298.2074973158371 12.507042996425591 144.91170498480832 84.43644743491942 2579.1547331664915 6.765808672E9
580.003935789527 1.414538638523554 1.4799999999999998 82.57738969104446 186.0367034666611 108.12668941643427 1287.2843261047285 15.326510901490712 145.4446000031116 84.99292873636101 2518.161717179421 6.765808672E9
581.003935789526 1.348847659531424 1.4799999999999998 82.71419908129093 186.41537782705066 108.33953236273999 1291.050937536406 17.30370660975339 144.35461782562038 84.84352768726055 2510.71720888957 6.765808672E9
582.0039357895251 1.348847659531424 1.4799999999999998 82.85209005729735 187.51754071594212 108.55258221111303 1311.8402418353958 16.005030416023157 144.7040011214327 84.58962463150105 2520.0924822198003 6.765808672E9
583.0039357895242 1.4328238389534966 1.4799999999999998 82.67931593701665 186.08537951914326 108.02080913616973 1271.3338620280483 17.280622215770393 144.0575505615876 84.32693948030173 2539.5005151551986 6.765808672E9
584.0039357895233 1.4328238389534966 1.4799999999999998 82.59217112048366 186.4340556101786 108.1918485065892 1287.800708419308 16.64805408210473 144.51353722882146 84.39014571792967 2566.844419855484 6.765808672E9
585.0039357895224 1.4086465683785816 1.4799999999999998 82.22785251350723 184.03295873275022 107.55142583813699 1235.4909111677268 16.671447849264105 145.5382859026551 84.30408562537993 2535.105119968416 6.765808672E9
586.0039357895215 1.4086465683785816 1.4799999999999998 82.17833191465657 184.69729674145026 107.23383931344762 1246.3641175937028 16.156740603969403 145.21779624624142 84.26213354495631 2548.425169348985 6.765808672E9
587.0039357895206 1.364631661156823 1.4799999999999998 82.14817009795897 183.9214712724736 107.53687307246865 1253.5520108006144 17.824496380054953 146.03166327158715 84.78088585461374 2522.0758686804547 6.765808672E9
588.0039357895197 1.364631661156823 1.4799999999999998 82.4981811639734 185.38450916133286 107.92928729263923 1276.1861270237757 17.380946669123063 147.16608223728718 85.11552538424333 2558.551971999803 6.765808672E9
589.0039357895188 1.5154604570989918 1.4799999999999998 82.1105120683366 184.62672016185698 107.17039484401133 1242.947338642465 17.55849531035752 145.8800879835438 84.6911429153389 2481.5135557533667 6.765808672E9
590.0039357895179 1.5154604570989918 1.4799999999999998 82.00639833781037 184.4873224131557 107.09038453551798 1254.0592198285824 18.508568083107054 146.2919215422236 85.3492151590275 2385.570032188331 6.765808672E9
591.003935789517 1.4026742464054656 1.4799999999999998 81.99274308791057 182.87629565402838 106.71151158312091 1223.7515262240656 18.045129955425182 145.60456135313248 84.93550792450168 2388.7013799201486 6.765808672E9
592.003935789516 1.4026742464054656 1.4799999999999998 81.80239486476567 181.6424298558918 106.53019374690884 1208.1058855824963 19.302444766979548 144.88202310913812 85.15278864807094 2355.7007050997095 6.765808672E9
593.0039357895151 1.4370622203713743 1.4799999999999998 81.316188098982 179.83943508580745 105.53692911131076 1155.2662923140097 17.076191249554164 144.28671827401456 84.36121671449837 2396.872576092801 6.765808672E9
594.0039357895142 1.4370622203713743 1.4799999999999998 80.70078506578677 179.66762845786835 105.01904338691266 1170.924665071515 17.647657085271298 143.9986648727608 84.80485869786112 2344.502024491146 6.765808672E9
595.0039357895133 1.3809311497507473 1.4799999999999998 80.44697610704692 179.7034616602105 104.67158581346425 1175.307321308891 19.4408807844485 142.29482539066552 84.69209054237952 2313.441997873397 6.765808672E9
596.0039357895124 1.3809311497507473 1.4799999999999998 80.40232047964737 180.914295412426 104.80952235234108 1205.1061106360064 20.899658149283457 143.6805647513045 85.30994452311371 2285.3224213783615 6.765808672E9
597.0039357895115 1.4503142171346082 1.4799999999999998 80.24803163494818 181.1177228038517 104.8532517287109 1230.536260878968 21.60728598539931 145.49285237150445 85.87009275069882 2285.2845533973104 6.765808672E9
598.0039357895106 1.4503142171346082 1.4799999999999998 80.14569898889444 179.48362334049972 104.54943887176833 1206.0274120640725 21.643748033865425 146.06372267406832 85.64380957925638 2306.728085168628 6.765808672E9
599.0039357895097 1.440709943126059 1.4799999999999998 80.03867677917088 179.20314040043945 118.70935418549269 1408.5951333271025 19.901447687506575 145.2687301942171 87.64035493380824 2127.474742714917 6.636979687E9
600.0039357895088 1.440709943126059 1.4799999999999998 95.79645567658821 181.91902299683568 122.43794126550237 1234.940496532102 19.40703362962659 145.85551592234623 88.06320288719141 2107.9498238870397 6.636979687E9
601.0039357895079 1.4182339081947992 1.4799999999999998 96.25856453594251 179.6960152396143 122.64896981438275 1197.8688206981612 18.431510483223104 147.88502449275694 88.03573650998891 2121.997942066983 6.636979687E9
602.003935789507 1.4182339081947992 1.4799999999999998 95.84439462883873 178.44043899036322 122.18801863171244 1189.1056811886806 17.61355506694208 145.84452954028035 87.81312370866209 2146.597021554709 6.636979687E9
603.003935789506 1.3953306335745372 1.4799999999999998 95.81402965078283 178.31921804422365 121.85423442421283 1170.6569390968352 19.521115362008608 145.8561662241063 88.11613960738921 2106.169872632589 6.636979687E9
604.0039357895051 1.3953306335745372 1.4799999999999998 95.7945397278714 177.81307906202017 122.16701248173689 1196.2725558832997 20.571563735215175 145.4875800569319 88.18243106682577 2103.0521957504866 6.636979687E9
605.0039357895042 1.4651987273046094 1.4799999999999998 95.93058219040421 178.47044437974728 122.1950232054905 1191.1479439230163 20.428065268122378 146.25458700172507 87.82499275385295 2141.3720156900067 6.636979687E9
606.0039357895033 1.4651987273046094 1.4799999999999998 95.56395410571601 176.85098640872064 121.90725555253928 1193.361893203145 20.11677216092766 145.51490631250104 87.71259399324032 2143.574075378068 6.636979687E9
607.0039357895024 1.42849711342285 1.4799999999999998 95.8203794152855 177.53124193612632 122.574166848624 1234.3374015948207 20.168528178093347 144.10772224044632 88.10107285788905 2128.175006267994 6.636979687E9
608.0039357895015 1.42849711342285 1.4799999999999998 95.94936212266641 175.00608197515237 122.5772515725808 1217.5081456524795 21.355359975371965 144.42862940747455 88.39432240673565 2135.0046081277205 6.636979687E9
609.0039357895006 1.5016985721352358 1.4799999999999998 95.74871951484135 172.83791803579476 121.7777246746363 1174.0947525175702 21.20958549905284 143.19358845739237 87.56181192750309 2179.939716792514 6.636979687E9
610.0039357894997 1.5016985721352358 1.4799999999999998 95.62997946055407 173.63984514073354 121.6515279293934 1173.0830208687723 21.160417012026784 141.23578172228696 87.1519739473834 2177.639525523307 6.636979687E9
611.0039357894988 1.440402470540618 1.4799999999999998 94.82574278276411 171.823256319903 120.6907961899328 1139.9219727761324 18.950295868750537 140.5425058107618 86.33309313036186 2217.425986077764 6.636979687E9
612.0039357894979 1.440402470540618 1.4799999999999998 94.76048370785655 172.49906299897094 120.59119433234939 1157.0611349112846 19.569410091685647 140.35200144356048 86.22893399816368 2184.963271462215 6.636979687E9
613.003935789497 1.2595927391495707 1.4799999999999998 94.31482402113642 172.9676004305266 120.33628313806899 1178.154112493253 20.471607126473323 139.54894074737877 86.0939208662175 2167.4200054678263 6.636979687E9
614.003935789496 1.2595927391495707 1.4799999999999998 94.34577158839534 174.20241288708448 120.36063975585223 1180.2990241884863 22.175873620604055 141.56841787213685 86.63965471979523 2153.043365711425 6.636979687E9
615.0039357894951 1.2273082648255416 1.4799999999999998 94.00389741592026 176.67506334335695 120.41176047495688 1223.5516941020808 23.243887321298253 140.34544613853902 86.56071568813718 2093.704336065704 6.636979687E9
616.0039357894942 1.2273082648255416 1.4799999999999998 93.982988404347 175.9567919444747 120.27258451033117 1233.5265260284737 24.636240102437803 140.7719698634774 86.36504708544156 2076.371183511651 6.636979687E9
617.0039357894933 1.3775346861264077 1.4799999999999998 93.71973499083128 175.89426785611693 120.34449501132617 1239.8844794765494 24.57671391187416 141.22784679015518 86.3176396822094 2076.257402569518 6.636979687E9
618.0039357894924 1.3775346861264077 1.4799999999999998 94.15890302895448 175.5681791759961 120.72727496557133 1249.2569863053714 22.168999359566918 140.4540281732353 86.0678811574621 2083.8730530277844 6.636979687E9
619.0039357894915 1.3768605089400012 1.4799999999999998 94.0867779336408 173.2524616374352 120.2161657373709 1199.2470459126473 20.51374795308186 140.51811194530544 85.38752073451963 2129.671552065442 6.636979687E9
620.0039357894906 1.3768605089400012 1.4799999999999998 93.96454907721954 174.58155286218232 120.51063499803455 1242.5232583828374 21.784020901180078 139.92821080449502 85.64290945173873 2072.869045134531 6.636979687E9
621.0039357894897 1.3184482216641507 1.4799999999999998 94.00213744300203 173.2345032175585 120.12053359837383 1194.928171692755 22.79667791935166 141.39176141543356 85.56300068238617 2083.0520327830313 6.636979687E9
622.0039357894888 1.3184482216641507 1.4799999999999998 93.81608284010399 173.48000959883984 120.28046404614788 1206.2675063192378 21.63678650638176 140.11630938074194 84.94844710438691 2066.2019208445313 6.636979687E9
623.0039357894879 1.1663300310313978 1.4799999999999998 94.34407428254616 174.44129355971097 120.62402174075685 1210.7111571397961 19.389886601284775 140.93139611172484 85.03187333070969 2162.446158199556 6.636979687E9
624.003935789487 1.1663300310313978 1.4799999999999998 94.50265367449167 176.23626642753115 121.4892414119461 1273.199442147032 18.154259834129814 140.9158251567847 85.17449420148041 2169.8135034768948 6.636979687E9
625.003935789486 1.1653525378905838 1.4799999999999998 94.62448461207784 175.56094923619048 121.31858191736814 1260.9395050326852 20.666498946216404 142.58615386837374 85.37138424030665 2148.9323192141296 6.636979687E9
626.0039357894851 1.1653525378905838 1.4799999999999998 94.38663277444344 176.9595588821952 121.32858397105072 1297.1599966178055 22.337240883183547 141.90894068792096 85.68239811400068 2139.321764073763 6.636979687E9
627.0039357894842 1.1580534253362456 1.4799999999999998 94.15473439751254 176.55748485445645 121.26087841891993 1306.0575108993826 23.603439046044613 143.01170599322614 85.62314164887898 2157.005683405636 6.636979687E9
628.0039357894833 1.1580534253362456 1.4799999999999998 94.04618247180447 177.0904643570583 121.0442060896372 1304.1970497410284 23.980864722935415 142.7865914940534 85.7567072977651 2164.946818289146 6.636979687E9
629.0039357894824 1.3185524542503357 1.4799999999999998 90.46705605715617 181.4352947872413 118.78239672294036 1334.6581993688742 20.573897490949232 142.69211532841763 85.30199884651931 2184.2818495991723 6.57586252E9
630.0039357894815 1.3185524542503357 1.4799999999999998 90.59911636150015 184.10475186532028 118.54259057219247 1417.161619924039 20.72325855275705 143.6082545375505 85.33261919477071 2213.614058513553 6.57586252E9
631.0039357894806 1.127382306734665 1.4799999999999998 90.8334657848514 186.1965129832827 118.8085003959231 1410.1081232375047 17.716675583324424 146.0350279585805 85.06743842863679 2389.4527406101843 6.57586252E9
632.0039357894797 1.127382306734665 1.4799999999999998 91.13943674787507 189.69087169886419 119.20703460445542 1452.6406330413968 17.850147293292544 147.63868573928622 84.90906272628729 2387.969948387048 6.57586252E9
633.0039357894788 1.245015413107384 1.4799999999999998 91.2401506866551 189.87781442306485 119.04724757259402 1433.0243418999967 16.083868691517107 147.51611230620506 84.46994588556329 2439.163538187325 6.57586252E9
634.0039357894779 1.245015413107384 1.4799999999999998 91.33361928130151 191.14856635152694 119.45002476987625 1463.9853151945624 14.749558916845753 148.46079263829566 84.09969815522774 2442.6799024273987 6.57586252E9
635.0039357894769 1.241289227382814 1.4799999999999998 91.31723514682648 191.78886272986705 119.52333749123162 1472.1583632652028 13.841941227299184 146.77276106791257 84.45448221297703 2424.2859629970394 6.57586252E9
636.003935789476 1.241289227382814 1.4799999999999998 90.69516208292453 190.57507657665457 118.5981916168733 1434.8202912784452 12.94140291594756 147.3076567189123 84.14308485711415 2459.4562268536697 6.57586252E9
637.0039357894751 1.2290770195233263 1.4799999999999998 90.61451959786251 187.9701172932491 118.1651928992734 1388.2479935754827 11.462980545483143 145.8092806808329 83.41807027894151 2448.504630600264 6.57586252E9
638.0039357894742 1.2290770195233263 1.4799999999999998 90.65119440952344 189.2638117947814 118.49796949445725 1423.5149405096595 12.443071082230759 145.52071790262158 83.71840692423352 2421.1378707511535 6.57586252E9
639.0039357894733 1.212315634150206 1.4799999999999998 90.73345588643357 187.635856302594 118.39582477591478 1392.1211084877177 10.460479708703364 146.0820563480792 83.41124687747246 2482.43707472838 6.57586252E9
640.0039357894724 1.212315634150206 1.4799999999999998 90.60162629932034 187.54379382318308 118.01703588082391 1379.7401661549839 9.955517707217684 145.6501519888367 83.31529073740666 2508.979889789214 6.57586252E9
641.0039357894715 1.2656066241167137 1.4799999999999998 90.59752931072917 187.85302038811676 118.57204277434883 1418.851667754089 13.579248319219465 147.35382507740877 83.82608988899915 2422.3971382630407 6.57586252E9
642.0039357894706 1.2656066241167137 1.4799999999999998 90.95105848082922 185.3565980280581 118.49869201810975 1375.079486385417 13.31535606915051 146.05663590859473 84.02871133519591 2428.569680259741 6.57586252E9
643.0039357894697 1.1097913370617267 1.4799999999999998 91.30531424073251 184.79701439791967 118.92180903988054 1364.4658454016392 13.150232699722228 145.77369939061902 83.35653373076157 2488.2457028723297 6.57586252E9
644.0039357894688 1.1097913370617267 1.4799999999999998 91.3050789454189 183.7706053154188 118.47705309951277 1321.2076612589835 11.94236084647794 145.42830097043458 83.2589863844859 2544.9027049549063 6.57586252E9
645.0039357894678 1.123341938213636 1.4799999999999998 91.27690320104304 186.86599281553583 118.93360797390986 1393.3758671354003 12.879992082375486 145.43599357118947 83.45711849758555 2495.935157053903 6.57586252E9
646.0039357894669 1.123341938213636 1.4799999999999998 91.42075525766211 188.37965708455656 119.35170555264662 1421.379149048419 11.962664887018567 145.3622948862574 83.15641218905603 2515.9913236768575 6.57586252E9
647.003935789466 1.0975960066666288 1.4799999999999998 91.21006372218105 187.33933709008087 118.80803771072978 1392.3706741221763 10.695686249065655 145.51477541560197 82.60813805074442 2603.315607271465 6.57586252E9
648.0039357894651 1.0975960066666288 1.4799999999999998 91.60579048965833 188.66256157955775 119.16693856664209 1404.102351328567 11.035981066088738 146.16128627450414 82.8668922723355 2577.8596905210197 6.57586252E9
649.0039357894642 1.124120597035758 1.4799999999999998 91.38947024839844 188.74959961123693 119.20256703627408 1435.1940213354546 11.96808935164436 145.55478084757777 83.13652997337827 2511.0088279827564 6.57586252E9
650.0039357894633 1.124120597035758 1.4799999999999998 91.08282760450219 187.39207093870527 119.08844424512029 1440.412516068083 13.500820929006977 145.3778744108452 82.72323379134744 2509.937737024813 6.57586252E9
651.0039357894624 0.9672670427751483 1.4799999999999998 90.86224077399032 187.52828838523442 118.93035198274201 1440.0874279479706 11.612229668909402 144.19877951341743 82.43295401789953 2540.846383736223 6.57586252E9
652.0039357894615 0.9672670427751483 1.4799999999999998 90.24488541092849 188.4435672830101 118.42065730522746 1452.7622687094918 9.312031297150464 144.2437121291346 82.56233063929622 2537.4252711577788 6.57586252E9
653.0039357894606 1.1116599189683962 1.4799999999999998 90.04658419053487 185.50569786857005 118.04469842256185 1427.3059395370324 10.123190269456785 144.16656726604194 82.12406204076069 2493.6369773589768 6.57586252E9
654.0039357894597 1.1116599189683962 1.4799999999999998 90.03065461795018 183.079658559428 117.89406388758748 1385.4383488991505 10.728909233153413 145.08549699229897 82.33546887531763 2544.719237352396 6.57586252E9
655.0039357894588 1.267223437123012 1.4799999999999998 90.14708451667323 184.83093633453586 118.04008954872569 1401.994096792249 10.484397473153981 144.42047417822351 82.42182975420747 2545.996072106349 6.57586252E9
656.0039357894578 1.267223437123012 1.4799999999999998 90.20968394310981 184.8675937017939 118.02689791975163 1419.1462118598702 9.895396779875028 145.26196223152806 82.71000338962168 2560.536415533377 6.57586252E9
657.0039357894569 0.9953920297783674 1.4799999999999998 90.2704333987702 183.2442593897908 118.05168202912388 1398.9967012699792 10.040800749731904 144.0612620705885 82.7628632194259 2528.6387856187393 6.57586252E9
658.003935789456 0.9953920297783674 1.4799999999999998 90.197655451825 183.9997488926204 117.8183846598844 1383.6913218198922 7.9077974298154885 144.74144864421655 82.5921251702009 2590.884382833057 6.57586252E9
659.0039357894551 1.0657836003104675 1.4799999999999998 86.27474614582867 193.7940074893969 107.5778876306471 1322.6379361620855 6.123372982256767 146.58889140255673 92.65849019836097 2053.744555910611 6.47917306E9
660.0039357894542 1.0657836003104675 1.4799999999999998 86.29577073368472 193.95426009300843 114.7600600089177 1635.7906009311537 3.886177007462379 143.58301864421068 79.49790725677748 2244.347080062981 6.47917306E9
661.0039357894533 1.0473670581802375 1.4799999999999998 86.44231833236648 194.72151164367827 114.94751970867033 1644.4288764730632 4.508126737521662 144.14095120904648 79.7845414614523 2216.731174451467 6.47917306E9
662.0039357894524 1.0473670581802375 1.4799999999999998 86.4971109767859 194.50079035122698 115.12794136689547 1646.703310226167 5.344563877848484 144.5983129301381 79.39601319986025 2231.1847345018823 6.47917306E9
663.0039357894515 1.077512672362168 1.4799999999999998 86.69720912377716 193.4158988751691 115.22857173994083 1621.8228686909945 5.184680808415765 144.22742525076194 79.38557565914931 2238.1014242134643 6.47917306E9
664.0039357894506 1.077512672362168 1.4799999999999998 86.48201382804571 189.5383122232099 115.10070334629958 1601.9083563881475 5.178070639660039 141.7032123935896 78.750922855554 2282.694874141027 6.47917306E9
665.0039357894497 1.0276360748651645 1.4799999999999998 86.14105474787458 191.42625156920752 115.11190572337212 1636.4821589298049 1.5081798079409061 142.59348607629846 78.30992405410677 2364.9958273179177 6.47917306E9
666.0039357894487 1.0276360748651645 1.4799999999999998 86.75017782854881 189.55319699914722 115.64201764354266 1639.2898709138128 3.33036993963598 141.0059306683128 78.56797189091841 2343.794442989603 6.47917306E9
667.0039357894478 1.070817919719831 1.4799999999999998 87.23623994466195 192.05025990977566 115.94274527682673 1646.1536124207848 2.743168840090325 142.0868357739186 78.80111882708542 2347.691631867066 6.47917306E9
668.0039357894469 1.070817919719831 1.4799999999999998 87.39589463001572 192.13735811517478 116.43681837744816 1669.5617210394137 4.421023453716778 141.94663597966422 78.90350007813036 2346.064323296325 6.47917306E9
669.003935789446 1.0129459412786117 1.4799999999999998 87.2038554460177 192.39251943422875 116.5479784415329 1684.6542038398 4.725399452095981 141.89432153435808 78.8265603056808 2356.093607990224 6.47917306E9
670.0039357894451 1.0129459412786117 1.4799999999999998 87.12431349056503 191.9821056071283 116.13788878836222 1666.5299538264567 3.002932081588018 142.05310731609413 78.27613785523434 2364.397523246387 6.47917306E9
671.0039357894442 1.0290798472286926 1.4799999999999998 86.89566029854133 193.7160455865265 116.2586240903953 1720.5114056039408 2.8889175405018 143.12288314570543 78.08415223703373 2377.035282895992 6.47917306E9
672.0039357894433 1.0290798472286926 1.4799999999999998 87.02792541352034 194.08071421372455 116.21032618327234 1700.774190665873 2.9679871983883985 143.74971999379596 77.99930683578337 2370.210574041551 6.47917306E9
673.0039357894424 1.094688493549031 1.4799999999999998 87.20057027885385 195.48225681960855 116.40599188334286 1695.1478851166876 2.9532899345392343 144.47749105761756 77.94857732262486 2342.7546375982984 6.47917306E9
674.0039357894415 1.094688493549031 1.4799999999999998 87.38709840187416 194.51195966879123 116.12594438887761 1656.7324696118028 2.293845427967758 144.39913586813697 77.71946528006791 2346.3056709469042 6.47917306E9
675.0039357894406 1.0063764924554208 1.4799999999999998 87.93214339523547 195.8343177443085 117.21343568959425 1690.1555397568588 5.999943194373493 144.9348959472064 77.80610503164279 2333.9117636780725 6.47917306E9
676.0039357894397 1.0063764924554208 1.4799999999999998 87.78475166200091 196.04199682190367 117.39185978173653 1728.2571082278853 7.165454093368074 144.96647175734037 78.03475452300023 2335.4829342147914 6.47917306E9
677.0039357894387 0.9926118330001907 1.4799999999999998 87.67902086403278 196.39466541685718 116.82191863576409 1695.0353110748051 7.173945936462242 144.67572409804785 78.25711547722887 2251.461368996128 6.47917306E9
678.0039357894378 0.9926118330001907 1.4799999999999998 87.51291043392223 197.26222428419177 116.97801374045642 1749.9874995800121 7.799706469426626 144.72115111553987 78.37810661948693 2290.3064853783007 6.47917306E9
679.0039357894369 0.9993999216343222 1.4799999999999998 87.04588125805522 195.47038921701935 116.71654673971314 1728.1925109610772 6.19730977250713 143.60718209362852 77.92904794206802 2283.4625215755054 6.47917306E9
680.003935789436 0.9993999216343222 1.4799999999999998 87.13218788211894 194.7458504711523 116.69107892615342 1727.7357797589796 8.526068606250153 143.07245580697997 77.94122745913204 2241.158190532234 6.47917306E9
681.0039357894351 1.0190594177884609 1.4799999999999998 86.82880647140392 194.05731984003003 116.21316881395518 1686.0599567756067 6.428326014666192 142.85315212080332 77.57018467512144 2275.1878109148997 6.47917306E9
682.0039357894342 1.0190594177884609 1.4799999999999998 86.46916756970846 194.01888245118258 115.71712764053905 1680.0923562016058 7.147581550246377 142.55321760628217 77.79194101024868 2233.6277547014624 6.47917306E9
683.0039357894333 0.9574622019073533 1.4799999999999998 86.44139850813254 195.03511196007366 115.73637259242825 1702.7248837457123 7.617105698987442 142.68657880060664 78.16913842452969 2195.1111082501684 6.47917306E9
684.0039357894324 0.9574622019073533 1.4799999999999998 86.36138104873291 194.63208333418072 115.61096638262119 1698.8173927456764 6.00355399239516 142.6739326012368 78.04240243294446 2192.4145243339426 6.47917306E9
685.0039357894315 0.9470373211959515 1.4799999999999998 84.5593478067696 191.43400338216443 114.02069718083222 1667.5758857182268 4.3008364197647175 140.17408937480516 77.40433298360153 2173.8277121898764 6.47917306E9
686.0039357894306 0.9470373211959515 1.4799999999999998 84.54497500664132 191.59227081206214 113.40200247614241 1661.066005230913 2.9584870717870095 140.2883892628601 76.95763647393191 2165.6566450355062 6.47917306E9
687.0039357894296 0.9583964307338433 1.4799999999999998 84.65880001426595 188.52911864772602 113.39065910655495 1629.3362785886595 6.977948644834809 139.0644078887505 76.89148912107194 2094.749334503171 6.47917306E9
688.0039357894287 0.9583964307338433 1.4799999999999998 84.58737739178234 189.42112810830082 113.36229903255163 1627.8951350581738 5.05971356452016 138.82164219691725 77.24941810933346 2112.551955790397 6.47917306E9
689.0039357894278 1.0124555883518895 1.4799999999999998 77.77346565210709 163.7059227646357 101.63525859910061 992.3683808426912 14.024517784486875 127.84454379328108 77.85585087094013 1994.7304051548517 6.066237131E9
690.0039357894269 1.0124555883518895 1.4799999999999998 77.26251728733611 194.76223200266543 103.39251552599683 1546.927129432307 18.96442051847189 125.20716673936822 80.2967730200587 1676.9668740321176 6.066237131E9
691.003935789426 0.9781639505180119 1.4799999999999998 76.76378776215932 193.99866652532194 102.55708535371286 1537.3955479617766 20.494968119030062 125.78923078240254 80.68800811489048 1647.263606860293 6.066237131E9
692.0039357894251 0.9781639505180119 1.4799999999999998 75.9228052218696 191.95232527179198 101.92251437290783 1520.556135503687 19.682977201711953 124.96858035650789 80.25881863378368 1639.4455389213863 6.066237131E9
693.0039357894242 0.9511903207018545 1.4799999999999998 76.21982887350158 192.11228959827451 102.43257124281354 1526.4002024615575 19.78174093199654 125.25274644545524 80.65649164989264 1600.0696613368184 6.066237131E9
694.0039357894233 0.9511903207018545 1.4799999999999998 76.56701193232763 195.14740737742966 103.0729056410701 1604.0344816245486 19.10566252103414 125.83864640204752 81.0169151749391 1596.9937148556562 6.066237131E9
695.0039357894224 0.8915209415267488 1.4799999999999998 76.4777847139919 195.1081225537008 102.85946768970996 1581.4785332452348 16.097522283859668 126.02752868950078 80.45895808707667 1637.6017106195277 6.066237131E9
696.0039357894215 0.8915209415267488 1.4799999999999998 76.66009178052907 194.9945429785344 102.99899556354492 1579.230453606643 17.672701263132932 125.78793257872135 80.78329068195343 1637.3474083313401 6.066237131E9
697.0039357894206 0.9891901119288191 1.4799999999999998 76.61915548549307 195.61888786667643 102.88004983618542 1591.0922482802223 14.849251696109974 125.5885433910119 80.23521813494125 1692.355406880793 6.066237131E9
698.0039357894196 0.9891901119288191 1.4799999999999998 76.6131100953051 195.3790199023565 103.08003027409134 1582.2664554269495 13.782800420475587 125.91957324288542 79.96674669528053 1722.4261568306024 6.066237131E9
699.0039357894187 1.0031364370350635 1.4799999999999998 76.95913063174255 196.3038531559519 103.30224366776356 1573.7537314939395 12.868744494799586 125.48564134518593 79.80549948281075 1768.2052712098498 6.066237131E9
700.0039357894178 1.0031364370350635 1.4799999999999998 77.13274013226174 196.58765439746858 103.08504879253431 1566.8567957734558 13.074687041691362 125.63653564691711 79.90574447634758 1782.8981074816722 6.066237131E9
701.0039357894169 0.9468307891877832 1.4799999999999998 76.97623406329132 197.33578629465535 103.12463656619245 1586.500038085509 13.012406080817906 125.06271935600985 80.02036669512738 1749.0070464271366 6.066237131E9
702.003935789416 0.9468307891877832 1.4799999999999998 76.7228190578953 195.75393300389436 102.54231814407818 1551.8363957746703 13.607449487038668 125.23519501959224 80.20349013546476 1713.166848544378 6.066237131E9
703.0039357894151 0.9622566165857598 1.4799999999999998 76.68842801380173 195.90746769885445 103.00603845787506 1553.1156911400901 14.919366841424994 124.04539354985404 80.16312793491686 1663.9595970208004 6.066237131E9
704.0039357894142 0.9622566165857598 1.4799999999999998 77.35568180261163 194.09471602974355 103.28591771629831 1517.7090907539593 16.054487342529804 123.34322406824035 80.3770816748677 1653.6746006668332 6.066237131E9
705.0039357894133 0.9156586547978727 1.4799999999999998 77.53620428581448 195.07116175844203 103.54764010303205 1537.9982847168376 14.98705506438058 124.57017388809399 80.18083635169016 1679.4476177218914 6.066237131E9
706.0039357894124 0.9156586547978727 1.4799999999999998 76.72370785063777 194.62020721112216 102.5460139445579 1539.1369715577175 14.018059577806573 124.53155521504486 79.39503606847842 1714.3937007342563 6.066237131E9
707.0039357894115 0.9095932559350501 1.4799999999999998 75.74342866722994 194.17395224032526 101.56706558697778 1543.9098139443067 14.632661610023073 125.67439719989197 79.67302588034259 1700.8967007200652 6.066237131E9
708.0039357894105 0.9095932559350501 1.4799999999999998 75.53408195893317 194.3148824070648 101.2209846144139 1542.2754455106942 12.038204070804081 125.00746418986523 79.34106841795234 1747.3553478737626 6.066237131E9
709.0039357894096 0.8852305346613425 1.4799999999999998 75.3387686604654 194.43135724165748 101.31084094620527 1539.6248717033718 12.216655660753167 123.82247207994597 79.05308173517439 1755.5242672833583 6.066237131E9
710.0039357894087 0.8852305346613425 1.4799999999999998 75.56293356518283 193.9203594768045 101.25223308868885 1527.2858767907694 11.500580314519022 122.19434354179266 78.76713687017967 1755.68006756318 6.066237131E9
711.0039357894078 0.8916179176392093 1.4799999999999998 75.48111660822114 192.1356841773085 100.88116240133111 1494.3366519183462 11.316201193159372 121.76502877715507 79.06833531390038 1769.6758827327594 6.066237131E9
712.0039357894069 0.8916179176392093 1.4799999999999998 75.33767695493144 194.20600882042388 101.00992706942272 1532.1819576658118 12.210398091451268 122.73413674496723 79.88040452726202 1744.4888529969242 6.066237131E9
713.003935789406 0.8962784806075215 1.4799999999999998 75.7368190266638 196.72726797496136 101.78278252997447 1594.893240058801 15.569487807561169 121.62250553563922 80.45919529719282 1672.7475552174853 6.066237131E9
714.0039357894051 0.8962784806075215 1.4799999999999998 75.7793816501349 198.1521431425872 101.73535013748253 1624.3345781812275 14.22341707833968 121.62215387361353 80.76945444376591 1716.5950238750654 6.066237131E9
715.0039357894042 0.9003244038731305 1.4799999999999998 71.02354870870425 202.61600430256067 101.78207368759877 1750.1873926798062 13.406610020092677 122.04934299531962 81.03807528329845 1767.612423288601 6.066237131E9
716.0039357894033 0.9003244038731305 1.4799999999999998 71.06764138853373 201.27736862526174 101.6758008359659 1708.284148702291 11.91233399283818 122.44319276572803 80.56886851328727 1800.8727749161396 6.066237131E9
717.0039357894024 0.8822432559294358 1.4799999999999998 71.23221462107787 200.42204528254177 101.68647132554939 1706.4410723794763 12.230133186388347 122.1702159394487 80.64237385035277 1769.8525871499046 6.066237131E9
718.0039357894015 0.8822432559294358 1.4799999999999998 70.86137070547633 199.73633676891734 101.69600600189172 1705.7793907002156 12.197164888671225 123.68524337111539 80.63532917123587 1780.5491024680805 6.066237131E9
719.0039357894005 0.884569409822698 1.4799999999999998 75.53642853179986 194.75610392517007 130.52289187211295 2252.881129028007 25.96313708297304 140.18730266779536 73.65421214687636 1489.7271185055044 6.678290762E9
720.0039357893996 0.884569409822698 1.4799999999999998 91.45229098228575 190.60081249324318 122.09221914929729 1710.3592537046568 24.220375688373633 145.3907624311115 83.0699363329606 1953.0495935426197 6.678290762E9
#####################################################################
# End of data export. Simulation finished at: 2025-02-15T18:34+0000 #
#####################################################################
